train-es-en-SMT-NODUP-UNKN.back.out.tok
train-es-en-LSTM-BPE.back.out.tok
train-es-en-LSTM-BPE.back.out.tok.nobpe
train-es-en-TRANS-BPE.back.out.tok
train-es-en-TRANS-BPE.back.out.tok.nobpe
TTR
train-es-en-SMT-NODUP-UNKN.back.out.tok: 0.0017231337282834346
train-es-en-LSTM-BPE.back.out.tok: 0.0007542059512218676
train-es-en-LSTM-BPE.back.out.tok.nobpe: 0.001804369443624417
train-es-en-TRANS-BPE.back.out.tok: 0.0010562895679380989
train-es-en-TRANS-BPE.back.out.tok.nobpe: 0.0020415296432227505
Yules
train-es-en-SMT-NODUP-UNKN.back.out.tok: 0.00020628460068236113
train-es-en-LSTM-BPE.back.out.tok: 4.076154804544087e-05
train-es-en-LSTM-BPE.back.out.tok.nobpe: 0.00023208548510683563
train-es-en-TRANS-BPE.back.out.tok: 8.264688704068993e-05
train-es-en-TRANS-BPE.back.out.tok.nobpe: 0.0003060539348965939
MTLD
train-es-en-SMT-NODUP-UNKN.back.out.tok: 94.42454388505533
train-es-en-LSTM-BPE.back.out.tok: 93.16795880909217
train-es-en-LSTM-BPE.back.out.tok.nobpe: 93.00277864330894
train-es-en-TRANS-BPE.back.out.tok: 98.75963729045876
train-es-en-TRANS-BPE.back.out.tok.nobpe: 97.64276062941659
