train-en-es-SMT-NODUP-UNKN.back.out.tok
train-en-es-LSTM-BPE.back.out.tok
train-en-es-LSTM-BPE.back.out.tok.nobpe
train-en-es-TRANS-BPE.back.out.tok
train-en-es-TRANS-BPE.back.out.tok.nobpe
TTR
train-en-es-SMT-NODUP-UNKN.back.out.tok: 0.0022266403072655665
train-en-es-LSTM-BPE.back.out.tok: 0.0009414318632830686
train-en-es-LSTM-BPE.back.out.tok.nobpe: 0.0024399258483769
train-en-es-TRANS-BPE.back.out.tok: 0.0010966037133087814
train-en-es-TRANS-BPE.back.out.tok.nobpe: 0.002999252059254881
Yules
train-en-es-SMT-NODUP-UNKN.back.out.tok: 0.00036088535070447764
train-en-es-LSTM-BPE.back.out.tok: 6.522032726664818e-05
train-en-es-LSTM-BPE.back.out.tok.nobpe: 0.00043324305712840713
train-en-es-TRANS-BPE.back.out.tok: 9.17209980589617e-05
train-en-es-TRANS-BPE.back.out.tok.nobpe: 0.0006722311352420963
MTLD
train-en-es-SMT-NODUP-UNKN.back.out.tok: 92.1156097214648
train-en-es-LSTM-BPE.back.out.tok: 89.65227598358612
train-en-es-LSTM-BPE.back.out.tok.nobpe: 88.39151262273441
train-en-es-TRANS-BPE.back.out.tok: 93.45028037824062
train-en-es-TRANS-BPE.back.out.tok.nobpe: 90.90684715080025
