train-en-es-ORGNL.tok
train-en-es-RBMT.unk.tok
train-en-es-RBMT.unk.tok.onl
train-en-es-RBMT.unk.tok.noerr
train-en-es-SMT.out.tok
train-en-es-SMT-UNKN.out.tok
train-en-es-LSTM-BPE.out.tok
train-en-es-LSTM-BPE.out.tok.nobpe
train-en-es-TRANS-BPE.out.tok
train-en-es-TRANS-BPE.out.tok.nobpe
TTR
train-en-es-ORGNL.tok: 0.0040823810188627295
train-en-es-RBMT.unk.tok: 0.003993403979131964
train-en-es-RBMT.unk.tok.onl: 0.0024654182097261475
train-en-es-RBMT.unk.tok.noerr: 0.003980438729245689
train-en-es-SMT.out.tok: 0.003231995830691188
train-en-es-SMT-UNKN.out.tok: 0.0023658971444313094
train-en-es-LSTM-BPE.out.tok: 0.000931085957987735
train-en-es-LSTM-BPE.out.tok.nobpe: 0.0020268790061821456
train-en-es-TRANS-BPE.out.tok: 0.0011735448121682841
train-en-es-TRANS-BPE.out.tok.nobpe: 0.00288661339114916
Yules
train-en-es-ORGNL.tok: 0.0012306743457319775
train-en-es-RBMT.unk.tok: 0.0013577301081107848
train-en-es-RBMT.unk.tok.onl: 0.000493344992178343
train-en-es-RBMT.unk.tok.noerr: 0.001348513702017505
train-en-es-SMT.out.tok: 0.000749332340986455
train-en-es-SMT-UNKN.out.tok: 0.0004015015321563112
train-en-es-LSTM-BPE.out.tok: 6.264750296805386e-05
train-en-es-LSTM-BPE.out.tok.nobpe: 0.00029460521095240987
train-en-es-TRANS-BPE.out.tok: 0.00010469889415958197
train-en-es-TRANS-BPE.out.tok.nobpe: 0.0006231885339563107
MTLD
train-en-es-ORGNL.tok: 96.2322209363953
train-en-es-RBMT.unk.tok: 122.88909982700899
train-en-es-RBMT.unk.tok.onl: 103.27081988890131
train-en-es-RBMT.unk.tok.noerr: 122.76777829873694
train-en-es-SMT.out.tok: 92.14351879290219
train-en-es-SMT-UNKN.out.tok: 92.00737773143838
train-en-es-LSTM-BPE.out.tok: 87.15143116939059
train-en-es-LSTM-BPE.out.tok.nobpe: 86.56864930256711
train-en-es-TRANS-BPE.out.tok: 98.02544623044753
train-en-es-TRANS-BPE.out.tok.nobpe: 95.71724515652316
