train-es-en-ORGNL.tok
train-es-en-RBMT.unk.tok
train-es-en-RBMT.unk.tok.onl
train-es-en-RBMT.unk.tok.noerr
train-es-en-SMT.out.tok
train-es-en-SMT-UNKN.out.tok
train-es-en-LSTM-BPE.out.tok
train-es-en-LSTM-BPE.out.tok.nobpe
train-es-en-TRANS-BPE.out.tok
train-es-en-TRANS-BPE.out.tok.nobpe
TTR
train-es-en-ORGNL.tok: 0.002884247066362188
train-es-en-RBMT.unk.tok: 0.0027438454075327736
train-es-en-RBMT.unk.tok.onl: 0.0011033305450694588
train-es-en-RBMT.unk.tok.noerr: 0.0027422957430034466
train-es-en-SMT.out.tok: 0.003097427170894175
train-es-en-SMT-UNKN.out.tok: 0.0018209914063743473
train-es-en-LSTM-BPE.out.tok: 0.0007578683210121235
train-es-en-LSTM-BPE.out.tok.nobpe: 0.0014357148498814493
train-es-en-TRANS-BPE.out.tok: 0.0011413653049240603
train-es-en-TRANS-BPE.out.tok.nobpe: 0.002090987250938929
Yules
train-es-en-ORGNL.tok: 0.0006614709825453257
train-es-en-RBMT.unk.tok: 0.0003476709305888735
train-es-en-RBMT.unk.tok.onl: 5.5370658307495254e-05
train-es-en-RBMT.unk.tok.noerr: 0.0003472626876289522
train-es-en-SMT.out.tok: 0.0006513432833489098
train-es-en-SMT-UNKN.out.tok: 0.00022508725711830173
train-es-en-LSTM-BPE.out.tok: 3.983328401639586e-05
train-es-en-LSTM-BPE.out.tok.nobpe: 0.00014244622741588046
train-es-en-TRANS-BPE.out.tok: 9.786060799057245e-05
train-es-en-TRANS-BPE.out.tok.nobpe: 0.00032612959758176877
MTLD
train-es-en-ORGNL.tok: 108.45590327387079
train-es-en-RBMT.unk.tok: 55.47629481028247
train-es-en-RBMT.unk.tok.onl: 51.35675292865588
train-es-en-RBMT.unk.tok.noerr: 55.458414041464444
train-es-en-SMT.out.tok: 93.45372171107529
train-es-en-SMT-UNKN.out.tok: 93.1837890191909
train-es-en-LSTM-BPE.out.tok: 88.00907889094285
train-es-en-LSTM-BPE.out.tok.nobpe: 87.90676974571292
train-es-en-TRANS-BPE.out.tok: 100.39695413717897
train-es-en-TRANS-BPE.out.tok.nobpe: 99.62351909179
