train-es-en.src
train-es-en-RBMT.unk
train-es-en-RBMT.unk.tok
train-es-en-SMT.out
train-es-en-SMT-UNKN.out
train-es-en-LSTM-BPE.out
train-es-en-LSTM-BPE.out.tok
train-es-en-TRANS-BPE.out
train-es-en-TRANS-BPE.out.tok
TTR
train-es-en.src: 0.0040823810188627295
train-es-en-RBMT.unk: 0.0027438454075327736
train-es-en-RBMT.unk.tok: 0.002721489645824321
train-es-en-SMT.out: 0.003097427170894175
train-es-en-SMT-UNKN.out: 0.0018209914063743473
train-es-en-LSTM-BPE.out: 0.0007578683210121235
train-es-en-LSTM-BPE.out.tok: 0.0014357148498814493
train-es-en-TRANS-BPE.out: 0.0011413653049240603
train-es-en-TRANS-BPE.out.tok: 0.002090987250938929
Yules
train-es-en.src: 0.0012306743457319775
train-es-en-RBMT.unk: 0.0003476709305888735
train-es-en-RBMT.unk.tok: 0.00034202321400353104
train-es-en-SMT.out: 0.0006513432833489098
train-es-en-SMT-UNKN.out: 0.00022508725711830173
train-es-en-LSTM-BPE.out: 3.983328401639586e-05
train-es-en-LSTM-BPE.out.tok: 0.00014244622741588046
train-es-en-TRANS-BPE.out: 9.786060799057245e-05
train-es-en-TRANS-BPE.out.tok: 0.00032612959758176877
MTLD
train-es-en.src: 13.442793624796156
train-es-en-RBMT.unk: 13.532024390687855
train-es-en-RBMT.unk.tok: 13.528574798007984
train-es-en-SMT.out: 13.443794767509093
train-es-en-SMT-UNKN.out: 13.430089385797691
train-es-en-LSTM-BPE.out: 13.352734649953138
train-es-en-LSTM-BPE.out.tok: 13.361246164917741
train-es-en-TRANS-BPE.out: 13.404638426362585
train-es-en-TRANS-BPE.out.tok: 13.420995767570307
-------------------------------------------------
TTR
train-es-en.src train-es-en-RBMT.unk train-es-en-RBMT.unk.tok train-es-en-SMT.out train-es-en-SMT-UNKN.out train-es-en-LSTM-BPE.out train-es-en-LSTM-BPE.out.tok train-es-en-TRANS-BPE.out train-es-en-TRANS-BPE.out.tok
train-es-en.src -1.0 1.0 1.0 1.0 1.0 1.0 1.0 1.0 1.0
train-es-en-RBMT.unk 0.0 -1.0 0.89 0.0 0.0 0.02 0.15 0.0 0.0
train-es-en-RBMT.unk.tok 0.0 0.03 -1.0 0.0 0.0 0.02 0.14 0.0 0.0
train-es-en-SMT.out 0.0 1.0 1.0 -1.0 1.0 1.0 1.0 0.04 0.48
train-es-en-SMT-UNKN.out 0.0 1.0 1.0 0.0 -1.0 1.0 1.0 0.0 0.07
train-es-en-LSTM-BPE.out 0.0 0.98 0.98 0.0 0.0 -1.0 1.0 0.0 0.0
train-es-en-LSTM-BPE.out.tok 0.0 0.85 0.86 0.0 0.0 0.0 -1.0 0.0 0.0
train-es-en-TRANS-BPE.out 0.0 1.0 1.0 0.96 1.0 1.0 1.0 -1.0 1.0
train-es-en-TRANS-BPE.out.tok 0.0 1.0 1.0 0.52 0.93 1.0 1.0 0.0 -1.0


  & train-es-en.src & train-es-en-RBMT.unk & train-es-en-RBMT.unk.tok & train-es-en-SMT.out & train-es-en-SMT-UNKN.out & train-es-en-LSTM-BPE.out & train-es-en-LSTM-BPE.out.tok & train-es-en-TRANS-BPE.out & train-es-en-TRANS-BPE.out.tok\\\hline
train-es-en.src &  & Y & Y & Y & Y & Y & Y & Y & Y\\\hline
train-es-en-RBMT.unk &  &  & N & Y & Y & Y & N & Y & Y\\\hline
train-es-en-RBMT.unk.tok &  &  &  & Y & Y & Y & N & Y & Y\\\hline
train-es-en-SMT.out &  &  &  &  & Y & Y & Y & Y & N\\\hline
train-es-en-SMT-UNKN.out &  &  &  &  &  & Y & Y & Y & N\\\hline
train-es-en-LSTM-BPE.out &  &  &  &  &  &  & Y & Y & Y\\\hline
train-es-en-LSTM-BPE.out.tok &  &  &  &  &  &  &  & Y & Y\\\hline
train-es-en-TRANS-BPE.out &  &  &  &  &  &  &  &  & Y\\\hline
train-es-en-TRANS-BPE.out.tok &  &  &  &  &  &  &  &  & \\\hline

Scikit ttest:
train-es-en.src train-es-en-RBMT.unk train-es-en-RBMT.unk.tok train-es-en-SMT.out train-es-en-SMT-UNKN.out train-es-en-LSTM-BPE.out train-es-en-LSTM-BPE.out.tok train-es-en-TRANS-BPE.out train-es-en-TRANS-BPE.out.tok
train-es-en.src 1.0 1.877208176152771e-194 9.107309853770134e-195 2.458222043225289e-171 4.515017360907272e-175 8.736864300082834e-190 2.7842810936190678e-192 9.934132137828387e-165 2.023848778240432e-171
train-es-en-RBMT.unk 1.877208176152771e-194 1.0 0.7242007501869117 4.159187603274952e-89 1.6944576427716535e-78 4.855420126848382e-12 5.480351835631965e-06 2.1926614786866687e-100 8.7760507932242e-89
train-es-en-RBMT.unk.tok 9.107309853770134e-195 0.7242007501869117 1.0 5.818361938680277e-90 1.994446579575118e-79 5.571373659541007e-13 1.063711799715091e-06 3.8014360205979355e-101 1.222421276848138e-89
train-es-en-SMT.out 2.458222043225289e-171 4.159187603274952e-89 5.818361938680277e-90 1.0 1.4218548439825772e-06 3.7411526023134045e-72 1.5129565338224253e-79 4.1731177927645943e-10 0.8846715692368557
train-es-en-SMT-UNKN.out 4.515017360907272e-175 1.6944576427716535e-78 1.994446579575118e-79 1.4218548439825772e-06 1.0 1.02152348348228e-59 8.884394544744662e-68 1.2260960983111089e-23 2.773531818458115e-06
train-es-en-LSTM-BPE.out 8.736864300082834e-190 4.855420126848382e-12 5.571373659541007e-13 3.7411526023134045e-72 1.02152348348228e-59 1.0 0.006264850534180753 1.2775366920962824e-85 8.817797368049542e-72
train-es-en-LSTM-BPE.out.tok 2.7842810936190678e-192 5.480351835631965e-06 1.063711799715091e-06 1.5129565338224253e-79 8.884394544744662e-68 0.006264850534180753 1.0 3.804070744920125e-92 3.42833174658857e-79
train-es-en-TRANS-BPE.out 9.934132137828387e-165 2.1926614786866687e-100 3.8014360205979355e-101 4.1731177927645943e-10 1.2260960983111089e-23 1.2775366920962824e-85 3.804070744920125e-92 1.0 1.9193617002249666e-10
train-es-en-TRANS-BPE.out.tok 2.023848778240432e-171 8.7760507932242e-89 1.222421276848138e-89 0.8846715692368557 2.773531818458115e-06 8.817797368049542e-72 3.42833174658857e-79 1.9193617002249666e-10 1.0


  & train-es-en.src & train-es-en-RBMT.unk & train-es-en-RBMT.unk.tok & train-es-en-SMT.out & train-es-en-SMT-UNKN.out & train-es-en-LSTM-BPE.out & train-es-en-LSTM-BPE.out.tok & train-es-en-TRANS-BPE.out & train-es-en-TRANS-BPE.out.tok\\\hline
train-es-en.src &  & Y & Y & Y & Y & Y & Y & Y & Y\\\hline
train-es-en-RBMT.unk &  &  & N & Y & Y & Y & Y & Y & Y\\\hline
train-es-en-RBMT.unk.tok &  &  &  & Y & Y & Y & Y & Y & Y\\\hline
train-es-en-SMT.out &  &  &  &  & Y & Y & Y & Y & N\\\hline
train-es-en-SMT-UNKN.out &  &  &  &  &  & Y & Y & Y & Y\\\hline
train-es-en-LSTM-BPE.out &  &  &  &  &  &  & Y & Y & Y\\\hline
train-es-en-LSTM-BPE.out.tok &  &  &  &  &  &  &  & Y & Y\\\hline
train-es-en-TRANS-BPE.out &  &  &  &  &  &  &  &  & Y\\\hline
train-es-en-TRANS-BPE.out.tok &  &  &  &  &  &  &  &  & \\\hline
-------------------------------------------------
Yules
train-es-en.src train-es-en-RBMT.unk train-es-en-RBMT.unk.tok train-es-en-SMT.out train-es-en-SMT-UNKN.out train-es-en-LSTM-BPE.out train-es-en-LSTM-BPE.out.tok train-es-en-TRANS-BPE.out train-es-en-TRANS-BPE.out.tok
train-es-en.src -1.0 1.0 1.0 1.0 1.0 1.0 1.0 1.0 1.0
train-es-en-RBMT.unk 0.0 -1.0 0.89 0.0 0.0 0.0 0.0 0.0 0.0
train-es-en-RBMT.unk.tok 0.0 0.1 -1.0 0.0 0.0 0.0 0.0 0.0 0.0
train-es-en-SMT.out 0.0 1.0 1.0 -1.0 1.0 1.0 1.0 0.0 0.0
train-es-en-SMT-UNKN.out 0.0 1.0 1.0 0.0 -1.0 1.0 1.0 0.0 0.0
train-es-en-LSTM-BPE.out 0.0 1.0 1.0 0.0 0.0 -1.0 1.0 0.0 0.0
train-es-en-LSTM-BPE.out.tok 0.0 1.0 1.0 0.0 0.0 0.0 -1.0 0.0 0.0
train-es-en-TRANS-BPE.out 0.0 1.0 1.0 1.0 1.0 1.0 1.0 -1.0 1.0
train-es-en-TRANS-BPE.out.tok 0.0 1.0 1.0 1.0 1.0 1.0 1.0 0.0 -1.0


  & train-es-en.src & train-es-en-RBMT.unk & train-es-en-RBMT.unk.tok & train-es-en-SMT.out & train-es-en-SMT-UNKN.out & train-es-en-LSTM-BPE.out & train-es-en-LSTM-BPE.out.tok & train-es-en-TRANS-BPE.out & train-es-en-TRANS-BPE.out.tok\\\hline
train-es-en.src &  & Y & Y & Y & Y & Y & Y & Y & Y\\\hline
train-es-en-RBMT.unk &  &  & N & Y & Y & Y & Y & Y & Y\\\hline
train-es-en-RBMT.unk.tok &  &  &  & Y & Y & Y & Y & Y & Y\\\hline
train-es-en-SMT.out &  &  &  &  & Y & Y & Y & Y & Y\\\hline
train-es-en-SMT-UNKN.out &  &  &  &  &  & Y & Y & Y & Y\\\hline
train-es-en-LSTM-BPE.out &  &  &  &  &  &  & Y & Y & Y\\\hline
train-es-en-LSTM-BPE.out.tok &  &  &  &  &  &  &  & Y & Y\\\hline
train-es-en-TRANS-BPE.out &  &  &  &  &  &  &  &  & Y\\\hline
train-es-en-TRANS-BPE.out.tok &  &  &  &  &  &  &  &  & \\\hline

Scikit ttest:
train-es-en.src train-es-en-RBMT.unk train-es-en-RBMT.unk.tok train-es-en-SMT.out train-es-en-SMT-UNKN.out train-es-en-LSTM-BPE.out train-es-en-LSTM-BPE.out.tok train-es-en-TRANS-BPE.out train-es-en-TRANS-BPE.out.tok
train-es-en.src 1.0 1.106939068247667e-215 8.964563371216037e-216 1.3534166762164134e-166 1.25457727939022e-169 1.1900626961883584e-178 6.06225202872982e-181 1.0744177503683894e-141 1.1600994081808455e-149
train-es-en-RBMT.unk 1.106939068247667e-215 1.0 0.7820621266853476 6.108669496342229e-172 7.145481924813148e-169 1.0008588294975686e-151 9.727548191568039e-150 5.572901869217307e-185 5.353239929953978e-183
train-es-en-RBMT.unk.tok 8.964563371216037e-216 0.7820621266853476 1.0 3.652076473136537e-172 4.1744445520013195e-169 5.311575737917891e-152 5.021329681114409e-150 3.7703407184188613e-185 3.512383088131926e-183
train-es-en-SMT.out 1.3534166762164134e-166 6.108669496342229e-172 3.652076473136537e-172 1.0 4.095769584845446e-05 2.7244581663446226e-48 1.2303940705238353e-57 3.497638306368111e-65 3.0742988112890103e-47
train-es-en-SMT-UNKN.out 1.25457727939022e-169 7.145481924813148e-169 4.1744445520013195e-169 4.095769584845446e-05 1.0 3.3259120655949174e-36 4.455255933559735e-46 4.93090933290759e-75 8.676949635328505e-59
train-es-en-LSTM-BPE.out 1.1900626961883584e-178 1.0008588294975686e-151 5.311575737917891e-152 2.7244581663446226e-48 3.3259120655949174e-36 1.0 0.002640981361955268 1.2073050595046659e-103 1.4316652186139407e-92
train-es-en-LSTM-BPE.out.tok 6.06225202872982e-181 9.727548191568039e-150 5.021329681114409e-150 1.2303940705238353e-57 4.455255933559735e-46 0.002640981361955268 1.0 2.689338520743023e-109 5.004193161666551e-99
train-es-en-TRANS-BPE.out 1.0744177503683894e-141 5.572901869217307e-185 3.7703407184188613e-185 3.497638306368111e-65 4.93090933290759e-75 1.2073050595046659e-103 2.689338520743023e-109 1.0 7.635357972749574e-11
train-es-en-TRANS-BPE.out.tok 1.1600994081808455e-149 5.353239929953978e-183 3.512383088131926e-183 3.0742988112890103e-47 8.676949635328505e-59 1.4316652186139407e-92 5.004193161666551e-99 7.635357972749574e-11 1.0


  & train-es-en.src & train-es-en-RBMT.unk & train-es-en-RBMT.unk.tok & train-es-en-SMT.out & train-es-en-SMT-UNKN.out & train-es-en-LSTM-BPE.out & train-es-en-LSTM-BPE.out.tok & train-es-en-TRANS-BPE.out & train-es-en-TRANS-BPE.out.tok\\\hline
train-es-en.src &  & Y & Y & Y & Y & Y & Y & Y & Y\\\hline
train-es-en-RBMT.unk &  &  & N & Y & Y & Y & Y & Y & Y\\\hline
train-es-en-RBMT.unk.tok &  &  &  & Y & Y & Y & Y & Y & Y\\\hline
train-es-en-SMT.out &  &  &  &  & Y & Y & Y & Y & Y\\\hline
train-es-en-SMT-UNKN.out &  &  &  &  &  & Y & Y & Y & Y\\\hline
train-es-en-LSTM-BPE.out &  &  &  &  &  &  & Y & Y & Y\\\hline
train-es-en-LSTM-BPE.out.tok &  &  &  &  &  &  &  & Y & Y\\\hline
train-es-en-TRANS-BPE.out &  &  &  &  &  &  &  &  & Y\\\hline
train-es-en-TRANS-BPE.out.tok &  &  &  &  &  &  &  &  & \\\hline
-------------------------------------------------
MTLD
train-es-en.src train-es-en-RBMT.unk train-es-en-RBMT.unk.tok train-es-en-SMT.out train-es-en-SMT-UNKN.out train-es-en-LSTM-BPE.out train-es-en-LSTM-BPE.out.tok train-es-en-TRANS-BPE.out train-es-en-TRANS-BPE.out.tok
train-es-en.src -1.0 0.02 0.02 0.56 0.68 1.0 1.0 0.88 0.73
train-es-en-RBMT.unk 0.98 -1.0 0.96 0.99 0.99 1.0 1.0 1.0 1.0
train-es-en-RBMT.unk.tok 0.98 0.04 -1.0 0.99 0.99 1.0 1.0 1.0 1.0
train-es-en-SMT.out 0.44 0.01 0.01 -1.0 1.0 1.0 1.0 0.93 0.8
train-es-en-SMT-UNKN.out 0.32 0.01 0.01 0.0 -1.0 1.0 1.0 0.83 0.66
train-es-en-LSTM-BPE.out 0.0 0.0 0.0 0.0 0.0 -1.0 0.02 0.01 0.0
train-es-en-LSTM-BPE.out.tok 0.0 0.0 0.0 0.0 0.0 0.98 -1.0 0.05 0.01
train-es-en-TRANS-BPE.out 0.12 0.0 0.0 0.07 0.17 0.99 0.95 -1.0 0.0
train-es-en-TRANS-BPE.out.tok 0.27 0.0 0.0 0.2 0.34 1.0 0.99 1.0 -1.0


  & train-es-en.src & train-es-en-RBMT.unk & train-es-en-RBMT.unk.tok & train-es-en-SMT.out & train-es-en-SMT-UNKN.out & train-es-en-LSTM-BPE.out & train-es-en-LSTM-BPE.out.tok & train-es-en-TRANS-BPE.out & train-es-en-TRANS-BPE.out.tok\\\hline
train-es-en.src &  & Y & Y & N & N & Y & Y & N & N\\\hline
train-es-en-RBMT.unk &  &  & Y & Y & Y & Y & Y & Y & Y\\\hline
train-es-en-RBMT.unk.tok &  &  &  & Y & Y & Y & Y & Y & Y\\\hline
train-es-en-SMT.out &  &  &  &  & Y & Y & Y & N & N\\\hline
train-es-en-SMT-UNKN.out &  &  &  &  &  & Y & Y & N & N\\\hline
train-es-en-LSTM-BPE.out &  &  &  &  &  &  & Y & Y & Y\\\hline
train-es-en-LSTM-BPE.out.tok &  &  &  &  &  &  &  & N & Y\\\hline
train-es-en-TRANS-BPE.out &  &  &  &  &  &  &  &  & Y\\\hline
train-es-en-TRANS-BPE.out.tok &  &  &  &  &  &  &  &  & \\\hline

Scikit ttest:
train-es-en.src train-es-en-RBMT.unk train-es-en-RBMT.unk.tok train-es-en-SMT.out train-es-en-SMT-UNKN.out train-es-en-LSTM-BPE.out train-es-en-LSTM-BPE.out.tok train-es-en-TRANS-BPE.out train-es-en-TRANS-BPE.out.tok
train-es-en.src 1.0 2.761995975603529e-45 4.467605643446142e-43 0.2907166572271694 5.785097805793981e-06 3.6667462325209483e-62 3.1190363145420477e-56 1.926968037281116e-21 6.663967791713929e-11
train-es-en-RBMT.unk 2.761995975603529e-45 1.0 0.48277268543027463 8.139019052131141e-45 1.1381066004260164e-53 3.875125526658531e-93 2.0508178272766957e-89 4.996541746230742e-65 2.5230771156334216e-56
train-es-en-RBMT.unk.tok 4.467605643446142e-43 0.48277268543027463 1.0 1.0236426254924551e-42 1.0703264785558175e-51 7.305559158549012e-92 4.4622149117988193e-88 2.3865662803953106e-63 1.6749388730928495e-54
train-es-en-SMT.out 0.2907166572271694 8.139019052131141e-45 1.0236426254924551e-42 1.0 0.0009861015336436365 5.2288188735932625e-55 3.553845670052859e-49 6.385324406148359e-17 8.051226396001483e-08
train-es-en-SMT-UNKN.out 5.785097805793981e-06 1.1381066004260164e-53 1.0703264785558175e-51 0.0009861015336436365 1.0 9.015260987206262e-46 1.3640132653764011e-39 5.799040207949038e-09 0.013873313167226294
train-es-en-LSTM-BPE.out 3.6667462325209483e-62 3.875125526658531e-93 7.305559158549012e-92 5.2288188735932625e-55 9.015260987206262e-46 1.0 0.03946852182407339 2.0278639919068943e-23 2.313881725608133e-34
train-es-en-LSTM-BPE.out.tok 3.1190363145420477e-56 2.0508178272766957e-89 4.4622149117988193e-88 3.553845670052859e-49 1.3640132653764011e-39 0.03946852182407339 1.0 1.0018047684441688e-17 1.945534629212925e-28
train-es-en-TRANS-BPE.out 1.926968037281116e-21 4.996541746230742e-65 2.3865662803953106e-63 6.385324406148359e-17 5.799040207949038e-09 2.0278639919068943e-23 1.0018047684441688e-17 1.0 0.000876369338078459
train-es-en-TRANS-BPE.out.tok 6.663967791713929e-11 2.5230771156334216e-56 1.6749388730928495e-54 8.051226396001483e-08 0.013873313167226294 2.313881725608133e-34 1.945534629212925e-28 0.000876369338078459 1.0


  & train-es-en.src & train-es-en-RBMT.unk & train-es-en-RBMT.unk.tok & train-es-en-SMT.out & train-es-en-SMT-UNKN.out & train-es-en-LSTM-BPE.out & train-es-en-LSTM-BPE.out.tok & train-es-en-TRANS-BPE.out & train-es-en-TRANS-BPE.out.tok\\\hline
train-es-en.src &  & Y & Y & N & Y & Y & Y & Y & Y\\\hline
train-es-en-RBMT.unk &  &  & N & Y & Y & Y & Y & Y & Y\\\hline
train-es-en-RBMT.unk.tok &  &  &  & Y & Y & Y & Y & Y & Y\\\hline
train-es-en-SMT.out &  &  &  &  & Y & Y & Y & Y & Y\\\hline
train-es-en-SMT-UNKN.out &  &  &  &  &  & Y & Y & Y & Y\\\hline
train-es-en-LSTM-BPE.out &  &  &  &  &  &  & Y & Y & Y\\\hline
train-es-en-LSTM-BPE.out.tok &  &  &  &  &  &  &  & Y & Y\\\hline
train-es-en-TRANS-BPE.out &  &  &  &  &  &  &  &  & Y\\\hline
train-es-en-TRANS-BPE.out.tok &  &  &  &  &  &  &  &  & \\\hline
