train-en-fr-ORGNL.tok
train-en-fr-RBMT.unk.tok
train-en-fr-RBMT.unk.tok.onl
train-en-fr-RBMT.unk.tok.noerr
train-en-fr-SMT.out.tok
train-en-fr-SMT-UNKN.out.tok
train-en-fr-LSTM-BPE.out.tok
train-en-fr-LSTM-BPE.out.tok.nobpe
train-en-fr-TRANS-BPE.out.tok
train-en-fr-TRANS-BPE.out.tok.nobpe
TTR
train-en-fr-ORGNL.tok: 0.003019366853015066
train-en-fr-RBMT.unk.tok: 0.004609574760150195
train-en-fr-RBMT.unk.tok.onl: 0.002878953743305962
train-en-fr-RBMT.unk.tok.noerr: 0.004144372580191742
train-en-fr-SMT.out.tok: 0.0027223932261308203
train-en-fr-SMT-UNKN.out.tok: 0.001785256284282793
train-en-fr-LSTM-BPE.out.tok: 0.0008111892945687037
train-en-fr-LSTM-BPE.out.tok.nobpe: 0.0015643570701773964
train-en-fr-TRANS-BPE.out.tok: 0.0010320503822862012
train-en-fr-TRANS-BPE.out.tok.nobpe: 0.0020652902178947006
Yules
train-en-fr-ORGNL.tok: 0.0009279849223003974
train-en-fr-RBMT.unk.tok: 0.00236744075845688
train-en-fr-RBMT.unk.tok.onl: 0.0006436094318942843
train-en-fr-RBMT.unk.tok.noerr: 0.0018177857558626346
train-en-fr-SMT.out.tok: 0.0006972635505346282
train-en-fr-SMT-UNKN.out.tok: 0.0002998013857435363
train-en-fr-LSTM-BPE.out.tok: 5.772332049736621e-05
train-en-fr-LSTM-BPE.out.tok.nobpe: 0.00021369773108442035
train-en-fr-TRANS-BPE.out.tok: 9.638599151509043e-05
train-en-fr-TRANS-BPE.out.tok.nobpe: 0.00038247755533186875
MTLD
train-en-fr-ORGNL.tok: 119.40451100805129
train-en-fr-RBMT.unk.tok: 155.04970161045617
train-en-fr-RBMT.unk.tok.onl: 93.3214550200525
train-en-fr-RBMT.unk.tok.noerr: 106.68194430577681
train-en-fr-SMT.out.tok: 112.20192621868958
train-en-fr-SMT-UNKN.out.tok: 112.00231504484385
train-en-fr-LSTM-BPE.out.tok: 105.20932423334759
train-en-fr-LSTM-BPE.out.tok.nobpe: 104.8909320952005
train-en-fr-TRANS-BPE.out.tok: 116.929385478679
train-en-fr-TRANS-BPE.out.tok.nobpe: 115.65894118255025
