train-es-en-SMT-NODUP-UNKN.back.out.tok
train-es-en-LSTM-BPE.back.out.tok
train-es-en-LSTM-BPE.back.out.tok.nobpe
train-es-en-TRANS-BPE.back.out.tok
train-es-en-TRANS-BPE.back.out.tok.nobpe
TTR
train-es-en-SMT-NODUP-UNKN.back.out.tok: 0.0017231337282834346
train-es-en-LSTM-BPE.back.out.tok: 0.0007542059512218676
train-es-en-LSTM-BPE.back.out.tok.nobpe: 0.001804369443624417
train-es-en-TRANS-BPE.back.out.tok: 0.0010562895679380989
train-es-en-TRANS-BPE.back.out.tok.nobpe: 0.0020415296432227505
Yules
train-es-en-SMT-NODUP-UNKN.back.out.tok: 0.00020628460068236113
train-es-en-LSTM-BPE.back.out.tok: 4.076154804544087e-05
train-es-en-LSTM-BPE.back.out.tok.nobpe: 0.00023208548510683563
train-es-en-TRANS-BPE.back.out.tok: 8.264688704068993e-05
train-es-en-TRANS-BPE.back.out.tok.nobpe: 0.0003060539348965939
MTLD
train-es-en-SMT-NODUP-UNKN.back.out.tok: 13.435013620802625
train-es-en-LSTM-BPE.back.out.tok: 13.3705878920522
train-es-en-LSTM-BPE.back.out.tok.nobpe: 13.38275051587026
train-es-en-TRANS-BPE.back.out.tok: 13.380669551498324
train-es-en-TRANS-BPE.back.out.tok.nobpe: 13.399807481639634
-------------------------------------------------
TTR
train-es-en-SMT-NODUP-UNKN.back.out.tok train-es-en-LSTM-BPE.back.out.tok train-es-en-LSTM-BPE.back.out.tok.nobpe train-es-en-TRANS-BPE.back.out.tok train-es-en-TRANS-BPE.back.out.tok.nobpe
train-es-en-SMT-NODUP-UNKN.back.out.tok -1.0 0.668 0.75 0.145 0.266
train-es-en-LSTM-BPE.back.out.tok 0.332 -1.0 0.982 0.082 0.166
train-es-en-LSTM-BPE.back.out.tok.nobpe 0.25 0.014 -1.0 0.054 0.112
train-es-en-TRANS-BPE.back.out.tok 0.855 0.918 0.946 -1.0 0.999
train-es-en-TRANS-BPE.back.out.tok.nobpe 0.734 0.834 0.888 0.0 -1.0


  & train-es-en-SMT-NODUP-UNKN.back.out.tok & train-es-en-LSTM-BPE.back.out.tok & train-es-en-LSTM-BPE.back.out.tok.nobpe & train-es-en-TRANS-BPE.back.out.tok & train-es-en-TRANS-BPE.back.out.tok.nobpe\\\hline
train-es-en-SMT-NODUP-UNKN.back.out.tok &  & N & N & N & N\\\hline
train-es-en-LSTM-BPE.back.out.tok &  &  & Y & N & N\\\hline
train-es-en-LSTM-BPE.back.out.tok.nobpe &  &  &  & N & N\\\hline
train-es-en-TRANS-BPE.back.out.tok &  &  &  &  & Y\\\hline
train-es-en-TRANS-BPE.back.out.tok.nobpe &  &  &  &  & \\\hline

Scikit ttest:
train-es-en-SMT-NODUP-UNKN.back.out.tok train-es-en-LSTM-BPE.back.out.tok train-es-en-LSTM-BPE.back.out.tok.nobpe train-es-en-TRANS-BPE.back.out.tok train-es-en-TRANS-BPE.back.out.tok.nobpe
train-es-en-SMT-NODUP-UNKN.back.out.tok 1.0 1.2445842558864873e-05 2.855016132937469e-12 6.084872118362706e-30 6.095092286465989e-11
train-es-en-LSTM-BPE.back.out.tok 1.2445842558864873e-05 1.0 0.007811881728210587 8.065042587146885e-55 9.860956579171874e-28
train-es-en-LSTM-BPE.back.out.tok.nobpe 2.855016132937469e-12 0.007811881728210587 1.0 1.350567620893409e-72 2.443150100982799e-41
train-es-en-TRANS-BPE.back.out.tok 6.084872118362706e-30 8.065042587146885e-55 1.350567620893409e-72 1.0 4.1806499982670755e-07
train-es-en-TRANS-BPE.back.out.tok.nobpe 6.095092286465989e-11 9.860956579171874e-28 2.443150100982799e-41 4.1806499982670755e-07 1.0


  & train-es-en-SMT-NODUP-UNKN.back.out.tok & train-es-en-LSTM-BPE.back.out.tok & train-es-en-LSTM-BPE.back.out.tok.nobpe & train-es-en-TRANS-BPE.back.out.tok & train-es-en-TRANS-BPE.back.out.tok.nobpe\\\hline
train-es-en-SMT-NODUP-UNKN.back.out.tok &  & Y & Y & Y & Y\\\hline
train-es-en-LSTM-BPE.back.out.tok &  &  & Y & Y & Y\\\hline
train-es-en-LSTM-BPE.back.out.tok.nobpe &  &  &  & Y & Y\\\hline
train-es-en-TRANS-BPE.back.out.tok &  &  &  &  & Y\\\hline
train-es-en-TRANS-BPE.back.out.tok.nobpe &  &  &  &  & \\\hline
-------------------------------------------------
Yules
train-es-en-SMT-NODUP-UNKN.back.out.tok train-es-en-LSTM-BPE.back.out.tok train-es-en-LSTM-BPE.back.out.tok.nobpe train-es-en-TRANS-BPE.back.out.tok train-es-en-TRANS-BPE.back.out.tok.nobpe
train-es-en-SMT-NODUP-UNKN.back.out.tok -1.0 0.324 0.421 0.021 0.065
train-es-en-LSTM-BPE.back.out.tok 0.676 -1.0 0.99 0.07 0.147
train-es-en-LSTM-BPE.back.out.tok.nobpe 0.579 0.006 -1.0 0.049 0.099
train-es-en-TRANS-BPE.back.out.tok 0.979 0.93 0.951 -1.0 0.999
train-es-en-TRANS-BPE.back.out.tok.nobpe 0.935 0.853 0.901 0.0 -1.0


  & train-es-en-SMT-NODUP-UNKN.back.out.tok & train-es-en-LSTM-BPE.back.out.tok & train-es-en-LSTM-BPE.back.out.tok.nobpe & train-es-en-TRANS-BPE.back.out.tok & train-es-en-TRANS-BPE.back.out.tok.nobpe\\\hline
train-es-en-SMT-NODUP-UNKN.back.out.tok &  & N & N & Y & N\\\hline
train-es-en-LSTM-BPE.back.out.tok &  &  & Y & N & N\\\hline
train-es-en-LSTM-BPE.back.out.tok.nobpe &  &  &  & Y & N\\\hline
train-es-en-TRANS-BPE.back.out.tok &  &  &  &  & Y\\\hline
train-es-en-TRANS-BPE.back.out.tok.nobpe &  &  &  &  & \\\hline

Scikit ttest:
train-es-en-SMT-NODUP-UNKN.back.out.tok train-es-en-LSTM-BPE.back.out.tok train-es-en-LSTM-BPE.back.out.tok.nobpe train-es-en-TRANS-BPE.back.out.tok train-es-en-TRANS-BPE.back.out.tok.nobpe
train-es-en-SMT-NODUP-UNKN.back.out.tok 1.0 1.1366742635501058e-07 0.020048899771219618 2.549863725060283e-108 3.972103345262153e-69
train-es-en-LSTM-BPE.back.out.tok 1.1366742635501058e-07 1.0 0.0021239367591742242 9.537730193974503e-72 1.6073791311273294e-38
train-es-en-LSTM-BPE.back.out.tok.nobpe 0.020048899771219618 0.0021239367591742242 1.0 3.378651678484027e-94 1.7643195953206228e-56
train-es-en-TRANS-BPE.back.out.tok 2.549863725060283e-108 9.537730193974503e-72 3.378651678484027e-94 1.0 5.221467524989095e-08
train-es-en-TRANS-BPE.back.out.tok.nobpe 3.972103345262153e-69 1.6073791311273294e-38 1.7643195953206228e-56 5.221467524989095e-08 1.0


  & train-es-en-SMT-NODUP-UNKN.back.out.tok & train-es-en-LSTM-BPE.back.out.tok & train-es-en-LSTM-BPE.back.out.tok.nobpe & train-es-en-TRANS-BPE.back.out.tok & train-es-en-TRANS-BPE.back.out.tok.nobpe\\\hline
train-es-en-SMT-NODUP-UNKN.back.out.tok &  & Y & Y & Y & Y\\\hline
train-es-en-LSTM-BPE.back.out.tok &  &  & Y & Y & Y\\\hline
train-es-en-LSTM-BPE.back.out.tok.nobpe &  &  &  & Y & Y\\\hline
train-es-en-TRANS-BPE.back.out.tok &  &  &  &  & Y\\\hline
train-es-en-TRANS-BPE.back.out.tok.nobpe &  &  &  &  & \\\hline
-------------------------------------------------
MTLD
train-es-en-SMT-NODUP-UNKN.back.out.tok train-es-en-LSTM-BPE.back.out.tok train-es-en-LSTM-BPE.back.out.tok.nobpe train-es-en-TRANS-BPE.back.out.tok train-es-en-TRANS-BPE.back.out.tok.nobpe
train-es-en-SMT-NODUP-UNKN.back.out.tok -1.0 0.752 0.711 0.723 0.664
train-es-en-LSTM-BPE.back.out.tok 0.248 -1.0 0.214 0.484 0.392
train-es-en-LSTM-BPE.back.out.tok.nobpe 0.289 0.782 -1.0 0.545 0.459
train-es-en-TRANS-BPE.back.out.tok 0.277 0.516 0.455 -1.0 0.155
train-es-en-TRANS-BPE.back.out.tok.nobpe 0.336 0.608 0.541 0.844 -1.0


  & train-es-en-SMT-NODUP-UNKN.back.out.tok & train-es-en-LSTM-BPE.back.out.tok & train-es-en-LSTM-BPE.back.out.tok.nobpe & train-es-en-TRANS-BPE.back.out.tok & train-es-en-TRANS-BPE.back.out.tok.nobpe\\\hline
train-es-en-SMT-NODUP-UNKN.back.out.tok &  & N & N & N & N\\\hline
train-es-en-LSTM-BPE.back.out.tok &  &  & N & N & N\\\hline
train-es-en-LSTM-BPE.back.out.tok.nobpe &  &  &  & N & N\\\hline
train-es-en-TRANS-BPE.back.out.tok &  &  &  &  & N\\\hline
train-es-en-TRANS-BPE.back.out.tok.nobpe &  &  &  &  & \\\hline

Scikit ttest:
train-es-en-SMT-NODUP-UNKN.back.out.tok train-es-en-LSTM-BPE.back.out.tok train-es-en-LSTM-BPE.back.out.tok.nobpe train-es-en-TRANS-BPE.back.out.tok train-es-en-TRANS-BPE.back.out.tok.nobpe
train-es-en-SMT-NODUP-UNKN.back.out.tok 1.0 1.1237731627201051e-41 2.613367271619483e-28 3.3549498150512537e-35 2.9270848299661713e-16
train-es-en-LSTM-BPE.back.out.tok 1.1237731627201051e-41 1.0 0.010066441285573617 0.17213790410487692 1.2306986022253722e-08
train-es-en-LSTM-BPE.back.out.tok.nobpe 2.613367271619483e-28 0.010066441285573617 1.0 0.21382757692539292 0.0019947743045977584
train-es-en-TRANS-BPE.back.out.tok 3.3549498150512537e-35 0.17213790410487692 0.21382757692539292 1.0 1.123675055637169e-05
train-es-en-TRANS-BPE.back.out.tok.nobpe 2.9270848299661713e-16 1.2306986022253722e-08 0.0019947743045977584 1.123675055637169e-05 1.0


  & train-es-en-SMT-NODUP-UNKN.back.out.tok & train-es-en-LSTM-BPE.back.out.tok & train-es-en-LSTM-BPE.back.out.tok.nobpe & train-es-en-TRANS-BPE.back.out.tok & train-es-en-TRANS-BPE.back.out.tok.nobpe\\\hline
train-es-en-SMT-NODUP-UNKN.back.out.tok &  & Y & Y & Y & Y\\\hline
train-es-en-LSTM-BPE.back.out.tok &  &  & Y & N & Y\\\hline
train-es-en-LSTM-BPE.back.out.tok.nobpe &  &  &  & N & Y\\\hline
train-es-en-TRANS-BPE.back.out.tok &  &  &  &  & Y\\\hline
train-es-en-TRANS-BPE.back.out.tok.nobpe &  &  &  &  & \\\hline
