train-en-fr-ORGNL.tok
train-en-fr-RBMT.unk.tok
train-en-fr-RBMT.unk.tok.onl
train-en-fr-RBMT.unk.tok.noerr
train-en-fr-SMT.out.tok
train-en-fr-SMT-UNKN.out.tok
train-en-fr-LSTM-BPE.out.tok
train-en-fr-LSTM-BPE.out.tok.nobpe
train-en-fr-TRANS-BPE.out.tok
train-en-fr-TRANS-BPE.out.tok.nobpe
TTR
train-en-fr-ORGNL.tok: 0.003019366853015066
train-en-fr-RBMT.unk.tok: 0.004609574760150195
train-en-fr-RBMT.unk.tok.onl: 0.002878953743305962
train-en-fr-RBMT.unk.tok.noerr: 0.004144372580191742
train-en-fr-SMT.out.tok: 0.0027223932261308203
train-en-fr-SMT-UNKN.out.tok: 0.001785256284282793
train-en-fr-LSTM-BPE.out.tok: 0.0008111892945687037
train-en-fr-LSTM-BPE.out.tok.nobpe: 0.0015643570701773964
train-en-fr-TRANS-BPE.out.tok: 0.0010320503822862012
train-en-fr-TRANS-BPE.out.tok.nobpe: 0.0020652902178947006
Yules
train-en-fr-ORGNL.tok: 0.0009279849223003974
train-en-fr-RBMT.unk.tok: 0.00236744075845688
train-en-fr-RBMT.unk.tok.onl: 0.0006436094318942843
train-en-fr-RBMT.unk.tok.noerr: 0.0018177857558626346
train-en-fr-SMT.out.tok: 0.0006972635505346282
train-en-fr-SMT-UNKN.out.tok: 0.0002998013857435363
train-en-fr-LSTM-BPE.out.tok: 5.772332049736621e-05
train-en-fr-LSTM-BPE.out.tok.nobpe: 0.00021369773108442035
train-en-fr-TRANS-BPE.out.tok: 9.638599151509043e-05
train-en-fr-TRANS-BPE.out.tok.nobpe: 0.00038247755533186875
MTLD
train-en-fr-ORGNL.tok: 13.429538424657164
train-en-fr-RBMT.unk.tok: 14.024679182967667
train-en-fr-RBMT.unk.tok.onl: 13.100077202277209
train-en-fr-RBMT.unk.tok.noerr: 13.611826280543545
train-en-fr-SMT.out.tok: 13.433333532402457
train-en-fr-SMT-UNKN.out.tok: 13.42099258179053
train-en-fr-LSTM-BPE.out.tok: 13.224453562592291
train-en-fr-LSTM-BPE.out.tok.nobpe: 13.234771102216314
train-en-fr-TRANS-BPE.out.tok: 13.244265614995523
train-en-fr-TRANS-BPE.out.tok.nobpe: 13.263363394572314
-------------------------------------------------
TTR
train-en-fr-ORGNL.tok train-en-fr-RBMT.unk.tok train-en-fr-RBMT.unk.tok.onl train-en-fr-RBMT.unk.tok.noerr train-en-fr-SMT.out.tok train-en-fr-SMT-UNKN.out.tok train-en-fr-LSTM-BPE.out.tok train-en-fr-LSTM-BPE.out.tok.nobpe train-en-fr-TRANS-BPE.out.tok train-en-fr-TRANS-BPE.out.tok.nobpe
train-en-fr-ORGNL.tok -1.0 0.0 0.467 0.047 0.999 1.0 1.0 1.0 0.999 1.0
train-en-fr-RBMT.unk.tok 1.0 -1.0 1.0 1.0 1.0 1.0 1.0 1.0 1.0 1.0
train-en-fr-RBMT.unk.tok.onl 0.533 0.0 -1.0 0.026 0.98 0.984 1.0 1.0 0.992 0.998
train-en-fr-RBMT.unk.tok.noerr 0.953 0.0 0.974 -1.0 1.0 1.0 1.0 1.0 1.0 1.0
train-en-fr-SMT.out.tok 0.001 0.0 0.02 0.0 -1.0 0.862 0.999 0.999 0.682 0.835
train-en-fr-SMT-UNKN.out.tok 0.0 0.0 0.016 0.0 0.0 -1.0 0.999 0.999 0.62 0.789
train-en-fr-LSTM-BPE.out.tok 0.0 0.0 0.0 0.0 0.001 0.001 -1.0 0.982 0.002 0.006
train-en-fr-LSTM-BPE.out.tok.nobpe 0.0 0.0 0.0 0.0 0.001 0.001 0.006 -1.0 0.0 0.004
train-en-fr-TRANS-BPE.out.tok 0.001 0.0 0.008 0.0 0.318 0.38 0.998 1.0 -1.0 0.999
train-en-fr-TRANS-BPE.out.tok.nobpe 0.0 0.0 0.002 0.0 0.165 0.211 0.994 0.996 0.001 -1.0


  & train-en-fr-ORGNL.tok & train-en-fr-RBMT.unk.tok & train-en-fr-RBMT.unk.tok.onl & train-en-fr-RBMT.unk.tok.noerr & train-en-fr-SMT.out.tok & train-en-fr-SMT-UNKN.out.tok & train-en-fr-LSTM-BPE.out.tok & train-en-fr-LSTM-BPE.out.tok.nobpe & train-en-fr-TRANS-BPE.out.tok & train-en-fr-TRANS-BPE.out.tok.nobpe\\\hline
train-en-fr-ORGNL.tok &  & Y & N & Y & Y & Y & Y & Y & Y & Y\\\hline
train-en-fr-RBMT.unk.tok &  &  & Y & Y & Y & Y & Y & Y & Y & Y\\\hline
train-en-fr-RBMT.unk.tok.onl &  &  &  & Y & Y & Y & Y & Y & Y & Y\\\hline
train-en-fr-RBMT.unk.tok.noerr &  &  &  &  & Y & Y & Y & Y & Y & Y\\\hline
train-en-fr-SMT.out.tok &  &  &  &  &  & N & Y & Y & N & N\\\hline
train-en-fr-SMT-UNKN.out.tok &  &  &  &  &  &  & Y & Y & N & N\\\hline
train-en-fr-LSTM-BPE.out.tok &  &  &  &  &  &  &  & Y & Y & Y\\\hline
train-en-fr-LSTM-BPE.out.tok.nobpe &  &  &  &  &  &  &  &  & Y & Y\\\hline
train-en-fr-TRANS-BPE.out.tok &  &  &  &  &  &  &  &  &  & Y\\\hline
train-en-fr-TRANS-BPE.out.tok.nobpe &  &  &  &  &  &  &  &  &  & \\\hline

Scikit ttest:
train-en-fr-ORGNL.tok train-en-fr-RBMT.unk.tok train-en-fr-RBMT.unk.tok.onl train-en-fr-RBMT.unk.tok.noerr train-en-fr-SMT.out.tok train-en-fr-SMT-UNKN.out.tok train-en-fr-LSTM-BPE.out.tok train-en-fr-LSTM-BPE.out.tok.nobpe train-en-fr-TRANS-BPE.out.tok train-en-fr-TRANS-BPE.out.tok.nobpe
train-en-fr-ORGNL.tok 1.0 0.0 0.19848642326854332 1.0998334893468865e-141 1.304048066254996e-250 9.196491240571177e-273 0.0 0.0 1.645650113121481e-307 0.0
train-en-fr-RBMT.unk.tok 0.0 1.0 0.0 2.307384820839899e-293 0.0 0.0 0.0 0.0 0.0 0.0
train-en-fr-RBMT.unk.tok.onl 0.19848642326854332 0.0 1.0 1.1933671268846408e-127 3.208059180327071e-257 4.58913928194964e-279 0.0 0.0 2.747253079e-313 0.0
train-en-fr-RBMT.unk.tok.noerr 1.0998334893468865e-141 2.307384820839899e-293 1.1933671268846408e-127 1.0 0.0 0.0 0.0 0.0 0.0 0.0
train-en-fr-SMT.out.tok 1.304048066254996e-250 0.0 3.208059180327071e-257 0.0 1.0 0.029606574463072906 1.2044732733258409e-266 2.0530432823425636e-295 8.92927120771352e-09 1.5473409569518023e-31
train-en-fr-SMT-UNKN.out.tok 9.196491240571177e-273 0.0 4.58913928194964e-279 0.0 0.029606574463072906 1.0 1.213570807644015e-246 2.4421726942710237e-275 0.0003146267241988378 7.005827594885341e-22
train-en-fr-LSTM-BPE.out.tok 0.0 0.0 0.0 0.0 1.2044732733258409e-266 1.213570807644015e-246 1.0 0.003941741454231117 7.781456617181038e-212 1.8909424866655087e-157
train-en-fr-LSTM-BPE.out.tok.nobpe 0.0 0.0 0.0 0.0 2.0530432823425636e-295 2.4421726942710237e-275 0.003941741454231117 1.0 4.995029019323555e-240 2.3883577909017375e-184
train-en-fr-TRANS-BPE.out.tok 1.645650113121481e-307 0.0 2.747253079e-313 0.0 8.92927120771352e-09 0.0003146267241988378 7.781456617181038e-212 4.995029019323555e-240 1.0 1.331350678841588e-09
train-en-fr-TRANS-BPE.out.tok.nobpe 0.0 0.0 0.0 0.0 1.5473409569518023e-31 7.005827594885341e-22 1.8909424866655087e-157 2.3883577909017375e-184 1.331350678841588e-09 1.0


  & train-en-fr-ORGNL.tok & train-en-fr-RBMT.unk.tok & train-en-fr-RBMT.unk.tok.onl & train-en-fr-RBMT.unk.tok.noerr & train-en-fr-SMT.out.tok & train-en-fr-SMT-UNKN.out.tok & train-en-fr-LSTM-BPE.out.tok & train-en-fr-LSTM-BPE.out.tok.nobpe & train-en-fr-TRANS-BPE.out.tok & train-en-fr-TRANS-BPE.out.tok.nobpe\\\hline
train-en-fr-ORGNL.tok &  & Y & N & Y & Y & Y & Y & Y & Y & Y\\\hline
train-en-fr-RBMT.unk.tok &  &  & Y & Y & Y & Y & Y & Y & Y & Y\\\hline
train-en-fr-RBMT.unk.tok.onl &  &  &  & Y & Y & Y & Y & Y & Y & Y\\\hline
train-en-fr-RBMT.unk.tok.noerr &  &  &  &  & Y & Y & Y & Y & Y & Y\\\hline
train-en-fr-SMT.out.tok &  &  &  &  &  & Y & Y & Y & Y & Y\\\hline
train-en-fr-SMT-UNKN.out.tok &  &  &  &  &  &  & Y & Y & Y & Y\\\hline
train-en-fr-LSTM-BPE.out.tok &  &  &  &  &  &  &  & Y & Y & Y\\\hline
train-en-fr-LSTM-BPE.out.tok.nobpe &  &  &  &  &  &  &  &  & Y & Y\\\hline
train-en-fr-TRANS-BPE.out.tok &  &  &  &  &  &  &  &  &  & Y\\\hline
train-en-fr-TRANS-BPE.out.tok.nobpe &  &  &  &  &  &  &  &  &  & \\\hline
-------------------------------------------------
Yules
train-en-fr-ORGNL.tok train-en-fr-RBMT.unk.tok train-en-fr-RBMT.unk.tok.onl train-en-fr-RBMT.unk.tok.noerr train-en-fr-SMT.out.tok train-en-fr-SMT-UNKN.out.tok train-en-fr-LSTM-BPE.out.tok train-en-fr-LSTM-BPE.out.tok.nobpe train-en-fr-TRANS-BPE.out.tok train-en-fr-TRANS-BPE.out.tok.nobpe
train-en-fr-ORGNL.tok -1.0 0.0 1.0 0.074 0.998 0.999 1.0 1.0 1.0 1.0
train-en-fr-RBMT.unk.tok 1.0 -1.0 1.0 1.0 1.0 1.0 1.0 1.0 1.0 1.0
train-en-fr-RBMT.unk.tok.onl 0.0 0.0 -1.0 0.0 0.116 0.124 0.794 0.833 0.313 0.405
train-en-fr-RBMT.unk.tok.noerr 0.926 0.0 1.0 -1.0 1.0 1.0 1.0 1.0 1.0 1.0
train-en-fr-SMT.out.tok 0.002 0.0 0.884 0.0 -1.0 0.862 0.999 0.999 0.828 0.923
train-en-fr-SMT-UNKN.out.tok 0.001 0.0 0.876 0.0 0.0 -1.0 0.999 0.999 0.802 0.911
train-en-fr-LSTM-BPE.out.tok 0.0 0.0 0.206 0.0 0.001 0.001 -1.0 0.985 0.017 0.041
train-en-fr-LSTM-BPE.out.tok.nobpe 0.0 0.0 0.167 0.0 0.001 0.001 0.003 -1.0 0.008 0.027
train-en-fr-TRANS-BPE.out.tok 0.0 0.0 0.687 0.0 0.172 0.198 0.983 0.992 -1.0 0.999
train-en-fr-TRANS-BPE.out.tok.nobpe 0.0 0.0 0.595 0.0 0.077 0.089 0.959 0.973 0.001 -1.0


  & train-en-fr-ORGNL.tok & train-en-fr-RBMT.unk.tok & train-en-fr-RBMT.unk.tok.onl & train-en-fr-RBMT.unk.tok.noerr & train-en-fr-SMT.out.tok & train-en-fr-SMT-UNKN.out.tok & train-en-fr-LSTM-BPE.out.tok & train-en-fr-LSTM-BPE.out.tok.nobpe & train-en-fr-TRANS-BPE.out.tok & train-en-fr-TRANS-BPE.out.tok.nobpe\\\hline
train-en-fr-ORGNL.tok &  & Y & Y & N & Y & Y & Y & Y & Y & Y\\\hline
train-en-fr-RBMT.unk.tok &  &  & Y & Y & Y & Y & Y & Y & Y & Y\\\hline
train-en-fr-RBMT.unk.tok.onl &  &  &  & Y & N & N & N & N & N & N\\\hline
train-en-fr-RBMT.unk.tok.noerr &  &  &  &  & Y & Y & Y & Y & Y & Y\\\hline
train-en-fr-SMT.out.tok &  &  &  &  &  & N & Y & Y & N & N\\\hline
train-en-fr-SMT-UNKN.out.tok &  &  &  &  &  &  & Y & Y & N & N\\\hline
train-en-fr-LSTM-BPE.out.tok &  &  &  &  &  &  &  & Y & Y & Y\\\hline
train-en-fr-LSTM-BPE.out.tok.nobpe &  &  &  &  &  &  &  &  & Y & Y\\\hline
train-en-fr-TRANS-BPE.out.tok &  &  &  &  &  &  &  &  &  & Y\\\hline
train-en-fr-TRANS-BPE.out.tok.nobpe &  &  &  &  &  &  &  &  &  & \\\hline

Scikit ttest:
train-en-fr-ORGNL.tok train-en-fr-RBMT.unk.tok train-en-fr-RBMT.unk.tok.onl train-en-fr-RBMT.unk.tok.noerr train-en-fr-SMT.out.tok train-en-fr-SMT-UNKN.out.tok train-en-fr-LSTM-BPE.out.tok train-en-fr-LSTM-BPE.out.tok.nobpe train-en-fr-TRANS-BPE.out.tok train-en-fr-TRANS-BPE.out.tok.nobpe
train-en-fr-ORGNL.tok 1.0 0.0 0.0 1.0445006061814423e-154 0.0 0.0 0.0 0.0 0.0 0.0
train-en-fr-RBMT.unk.tok 0.0 1.0 0.0 9.904299032964813e-293 0.0 0.0 0.0 0.0 0.0 0.0
train-en-fr-RBMT.unk.tok.onl 0.0 0.0 1.0 0.0 6.300519250441731e-128 5.595528598920025e-116 2.708189717275826e-75 1.9265308329044484e-98 7.743153820445012e-31 9.466677701651137e-08
train-en-fr-RBMT.unk.tok.noerr 1.0445006061814423e-154 9.904299032964813e-293 0.0 1.0 0.0 0.0 0.0 0.0 0.0 0.0
train-en-fr-SMT.out.tok 0.0 0.0 6.300519250441731e-128 0.0 1.0 0.13331655308690923 8.875478782508785e-309 0.0 8.378729217697036e-44 1.7854341519770646e-87
train-en-fr-SMT-UNKN.out.tok 0.0 0.0 5.595528598920025e-116 0.0 0.13331655308690923 1.0 2.9316365984395824e-295 0.0 7.14535150102868e-36 8.210413512808409e-77
train-en-fr-LSTM-BPE.out.tok 0.0 0.0 2.708189717275826e-75 0.0 8.875478782508785e-309 2.9316365984395824e-295 1.0 0.0019845358971339153 5.173374539036138e-173 1.2425652730549444e-118
train-en-fr-LSTM-BPE.out.tok.nobpe 0.0 0.0 1.9265308329044484e-98 0.0 0.0 0.0 0.0019845358971339153 1.0 3.2907615204690614e-202 1.1935306661661974e-145
train-en-fr-TRANS-BPE.out.tok 0.0 0.0 7.743153820445012e-31 0.0 8.378729217697036e-44 7.14535150102868e-36 5.173374539036138e-173 3.2907615204690614e-202 1.0 9.566428123826298e-11
train-en-fr-TRANS-BPE.out.tok.nobpe 0.0 0.0 9.466677701651137e-08 0.0 1.7854341519770646e-87 8.210413512808409e-77 1.2425652730549444e-118 1.1935306661661974e-145 9.566428123826298e-11 1.0


  & train-en-fr-ORGNL.tok & train-en-fr-RBMT.unk.tok & train-en-fr-RBMT.unk.tok.onl & train-en-fr-RBMT.unk.tok.noerr & train-en-fr-SMT.out.tok & train-en-fr-SMT-UNKN.out.tok & train-en-fr-LSTM-BPE.out.tok & train-en-fr-LSTM-BPE.out.tok.nobpe & train-en-fr-TRANS-BPE.out.tok & train-en-fr-TRANS-BPE.out.tok.nobpe\\\hline
train-en-fr-ORGNL.tok &  & Y & Y & Y & Y & Y & Y & Y & Y & Y\\\hline
train-en-fr-RBMT.unk.tok &  &  & Y & Y & Y & Y & Y & Y & Y & Y\\\hline
train-en-fr-RBMT.unk.tok.onl &  &  &  & Y & Y & Y & Y & Y & Y & Y\\\hline
train-en-fr-RBMT.unk.tok.noerr &  &  &  &  & Y & Y & Y & Y & Y & Y\\\hline
train-en-fr-SMT.out.tok &  &  &  &  &  & N & Y & Y & Y & Y\\\hline
train-en-fr-SMT-UNKN.out.tok &  &  &  &  &  &  & Y & Y & Y & Y\\\hline
train-en-fr-LSTM-BPE.out.tok &  &  &  &  &  &  &  & Y & Y & Y\\\hline
train-en-fr-LSTM-BPE.out.tok.nobpe &  &  &  &  &  &  &  &  & Y & Y\\\hline
train-en-fr-TRANS-BPE.out.tok &  &  &  &  &  &  &  &  &  & Y\\\hline
train-en-fr-TRANS-BPE.out.tok.nobpe &  &  &  &  &  &  &  &  &  & \\\hline
-------------------------------------------------
MTLD
train-en-fr-ORGNL.tok train-en-fr-RBMT.unk.tok train-en-fr-RBMT.unk.tok.onl train-en-fr-RBMT.unk.tok.noerr train-en-fr-SMT.out.tok train-en-fr-SMT-UNKN.out.tok train-en-fr-LSTM-BPE.out.tok train-en-fr-LSTM-BPE.out.tok.nobpe train-en-fr-TRANS-BPE.out.tok train-en-fr-TRANS-BPE.out.tok.nobpe
train-en-fr-ORGNL.tok -1.0 0.0 0.994 0.064 0.483 0.545 0.987 0.984 0.978 0.97
train-en-fr-RBMT.unk.tok 1.0 -1.0 1.0 1.0 1.0 1.0 1.0 1.0 1.0 1.0
train-en-fr-RBMT.unk.tok.onl 0.006 0.0 -1.0 0.0 0.004 0.005 0.135 0.114 0.106 0.084
train-en-fr-RBMT.unk.tok.noerr 0.936 0.0 1.0 -1.0 0.928 0.943 0.998 0.997 0.999 0.999
train-en-fr-SMT.out.tok 0.517 0.0 0.996 0.072 -1.0 0.833 0.993 0.99 0.989 0.981
train-en-fr-SMT-UNKN.out.tok 0.455 0.0 0.995 0.057 0.14 -1.0 0.991 0.989 0.985 0.974
train-en-fr-LSTM-BPE.out.tok 0.013 0.0 0.865 0.002 0.007 0.009 -1.0 0.184 0.422 0.33
train-en-fr-LSTM-BPE.out.tok.nobpe 0.016 0.0 0.886 0.003 0.01 0.011 0.804 -1.0 0.468 0.381
train-en-fr-TRANS-BPE.out.tok 0.022 0.0 0.894 0.001 0.011 0.015 0.578 0.532 -1.0 0.155
train-en-fr-TRANS-BPE.out.tok.nobpe 0.03 0.0 0.916 0.001 0.019 0.026 0.67 0.619 0.845 -1.0


  & train-en-fr-ORGNL.tok & train-en-fr-RBMT.unk.tok & train-en-fr-RBMT.unk.tok.onl & train-en-fr-RBMT.unk.tok.noerr & train-en-fr-SMT.out.tok & train-en-fr-SMT-UNKN.out.tok & train-en-fr-LSTM-BPE.out.tok & train-en-fr-LSTM-BPE.out.tok.nobpe & train-en-fr-TRANS-BPE.out.tok & train-en-fr-TRANS-BPE.out.tok.nobpe\\\hline
train-en-fr-ORGNL.tok &  & Y & Y & N & N & N & Y & Y & Y & Y\\\hline
train-en-fr-RBMT.unk.tok &  &  & Y & Y & Y & Y & Y & Y & Y & Y\\\hline
train-en-fr-RBMT.unk.tok.onl &  &  &  & Y & Y & Y & N & N & N & N\\\hline
train-en-fr-RBMT.unk.tok.noerr &  &  &  &  & N & N & Y & Y & Y & Y\\\hline
train-en-fr-SMT.out.tok &  &  &  &  &  & N & Y & Y & Y & Y\\\hline
train-en-fr-SMT-UNKN.out.tok &  &  &  &  &  &  & Y & Y & Y & Y\\\hline
train-en-fr-LSTM-BPE.out.tok &  &  &  &  &  &  &  & N & N & N\\\hline
train-en-fr-LSTM-BPE.out.tok.nobpe &  &  &  &  &  &  &  &  & N & N\\\hline
train-en-fr-TRANS-BPE.out.tok &  &  &  &  &  &  &  &  &  & N\\\hline
train-en-fr-TRANS-BPE.out.tok.nobpe &  &  &  &  &  &  &  &  &  & \\\hline

Scikit ttest:
train-en-fr-ORGNL.tok train-en-fr-RBMT.unk.tok train-en-fr-RBMT.unk.tok.onl train-en-fr-RBMT.unk.tok.noerr train-en-fr-SMT.out.tok train-en-fr-SMT-UNKN.out.tok train-en-fr-LSTM-BPE.out.tok train-en-fr-LSTM-BPE.out.tok.nobpe train-en-fr-TRANS-BPE.out.tok train-en-fr-TRANS-BPE.out.tok.nobpe
train-en-fr-ORGNL.tok 1.0 0.0 0.0 1.6240253540552148e-258 0.43114370305879235 0.0224594963280212 0.0 0.0 4.8626089e-316 8.648264137141475e-270
train-en-fr-RBMT.unk.tok 0.0 1.0 0.0 0.0 0.0 0.0 0.0 0.0 0.0 0.0
train-en-fr-RBMT.unk.tok.onl 0.0 0.0 1.0 0.0 0.0 0.0 3.923346695730116e-155 1.4908431280694013e-176 2.8833468917041386e-188 5.203999283366875e-230
train-en-fr-RBMT.unk.tok.noerr 1.6240253540552148e-258 0.0 0.0 1.0 1.1086240043347242e-248 5.737280947674853e-276 0.0 0.0 0.0 0.0
train-en-fr-SMT.out.tok 0.43114370305879235 0.0 0.0 1.1086240043347242e-248 1.0 0.0023745581051040007 0.0 0.0 5.99144e-319 3.4780406880348864e-273
train-en-fr-SMT-UNKN.out.tok 0.0224594963280212 0.0 0.0 5.737280947674853e-276 0.0023745581051040007 1.0 0.0 4.951683092276704e-308 9.809130787001177e-291 6.6252103641266055e-245
train-en-fr-LSTM-BPE.out.tok 0.0 0.0 3.923346695730116e-155 0.0 0.0 0.0 1.0 0.008120472087736582 2.6952771540435892e-05 1.9689363242688764e-19
train-en-fr-LSTM-BPE.out.tok.nobpe 0.0 0.0 1.4908431280694013e-176 0.0 0.0 4.951683092276704e-308 0.008120472087736582 1.0 0.11601371072437597 1.2344540359672366e-10
train-en-fr-TRANS-BPE.out.tok 4.8626089e-316 0.0 2.8833468917041386e-188 0.0 5.99144e-319 9.809130787001177e-291 2.6952771540435892e-05 0.11601371072437597 1.0 1.2161389157421223e-06
train-en-fr-TRANS-BPE.out.tok.nobpe 8.648264137141475e-270 0.0 5.203999283366875e-230 0.0 3.4780406880348864e-273 6.6252103641266055e-245 1.9689363242688764e-19 1.2344540359672366e-10 1.2161389157421223e-06 1.0


  & train-en-fr-ORGNL.tok & train-en-fr-RBMT.unk.tok & train-en-fr-RBMT.unk.tok.onl & train-en-fr-RBMT.unk.tok.noerr & train-en-fr-SMT.out.tok & train-en-fr-SMT-UNKN.out.tok & train-en-fr-LSTM-BPE.out.tok & train-en-fr-LSTM-BPE.out.tok.nobpe & train-en-fr-TRANS-BPE.out.tok & train-en-fr-TRANS-BPE.out.tok.nobpe\\\hline
train-en-fr-ORGNL.tok &  & Y & Y & Y & N & Y & Y & Y & Y & Y\\\hline
train-en-fr-RBMT.unk.tok &  &  & Y & Y & Y & Y & Y & Y & Y & Y\\\hline
train-en-fr-RBMT.unk.tok.onl &  &  &  & Y & Y & Y & Y & Y & Y & Y\\\hline
train-en-fr-RBMT.unk.tok.noerr &  &  &  &  & Y & Y & Y & Y & Y & Y\\\hline
train-en-fr-SMT.out.tok &  &  &  &  &  & Y & Y & Y & Y & Y\\\hline
train-en-fr-SMT-UNKN.out.tok &  &  &  &  &  &  & Y & Y & Y & Y\\\hline
train-en-fr-LSTM-BPE.out.tok &  &  &  &  &  &  &  & Y & Y & Y\\\hline
train-en-fr-LSTM-BPE.out.tok.nobpe &  &  &  &  &  &  &  &  & N & Y\\\hline
train-en-fr-TRANS-BPE.out.tok &  &  &  &  &  &  &  &  &  & Y\\\hline
train-en-fr-TRANS-BPE.out.tok.nobpe &  &  &  &  &  &  &  &  &  & \\\hline
