train-fr-en-ORGNL.tok
train-fr-en-RBMT.unk.tok
train-fr-en-RBMT.unk.tok.onl
train-fr-en-RBMT.unk.tok.noerr
train-fr-en-SMT.out.tok
train-fr-en-SMT-UNKN.out.tok
train-fr-en-LSTM-BPE.out.tok
train-fr-en-LSTM-BPE.out.tok.nobpe
train-fr-en-TRANS-BPE.out.tok
train-fr-en-TRANS-BPE.out.tok.nobpe
TTR
train-fr-en-ORGNL.tok: 0.00288931752613599
train-fr-en-RBMT.unk.tok: 0.0025559933979828284
train-fr-en-RBMT.unk.tok.onl: 0.0008129205235153887
train-fr-en-RBMT.unk.tok.noerr: 0.0024390532676410314
train-fr-en-SMT.out.tok: 0.002828630495553559
train-fr-en-SMT-UNKN.out.tok: 0.0017425733919651768
train-fr-en-LSTM-BPE.out.tok: 0.0007691045659899016
train-fr-en-LSTM-BPE.out.tok.nobpe: 0.0014964406250709157
train-fr-en-TRANS-BPE.out.tok: 0.0011541422851655276
train-fr-en-TRANS-BPE.out.tok.nobpe: 0.002037159692308059
Yules
train-fr-en-ORGNL.tok: 0.0006639756166980416
train-fr-en-RBMT.unk.tok: 0.0002895071624974448
train-fr-en-RBMT.unk.tok.onl: 2.0573272310521474e-05
train-fr-en-RBMT.unk.tok.noerr: 0.0002563423930946542
train-fr-en-SMT.out.tok: 0.0005468039060131662
train-fr-en-SMT-UNKN.out.tok: 0.00020749202279395556
train-fr-en-LSTM-BPE.out.tok: 4.054432748748098e-05
train-fr-en-LSTM-BPE.out.tok.nobpe: 0.00015289713989369823
train-fr-en-TRANS-BPE.out.tok: 0.00010007910355328006
train-fr-en-TRANS-BPE.out.tok.nobpe: 0.00030973932903242187
MTLD
train-fr-en-ORGNL.tok: 108.70305040225037
train-fr-en-RBMT.unk.tok: 55.68085926761481
train-fr-en-RBMT.unk.tok.onl: 31.663101815447387
train-fr-en-RBMT.unk.tok.noerr: 50.6810330023585
train-fr-en-SMT.out.tok: 94.86329701308445
train-fr-en-SMT-UNKN.out.tok: 94.65232121884183
train-fr-en-LSTM-BPE.out.tok: 86.98046104200141
train-fr-en-LSTM-BPE.out.tok.nobpe: 86.93180130021997
train-fr-en-TRANS-BPE.out.tok: 102.76882136424001
train-fr-en-TRANS-BPE.out.tok.nobpe: 101.95114875724461
