train-fr-en-SMT-NODUP-UNKN.back.out.tok
train-fr-en-LSTM-BPE.back.out.tok
train-fr-en-LSTM-BPE.back.out.tok.nobpe
train-fr-en-TRANS-BPE.back.out.tok
train-fr-en-TRANS-BPE.back.out.tok.nobpe
TTR
train-fr-en-SMT-NODUP-UNKN.back.out.tok: 0.001643289908102322
train-fr-en-LSTM-BPE.back.out.tok: 0.0007573102888123755
train-fr-en-LSTM-BPE.back.out.tok.nobpe: 0.0017010608157587675
train-fr-en-TRANS-BPE.back.out.tok: 0.0008982993837007422
train-fr-en-TRANS-BPE.back.out.tok.nobpe: 0.0015855090497655067
Yules
train-fr-en-SMT-NODUP-UNKN.back.out.tok: 0.00019050466833409123
train-fr-en-LSTM-BPE.back.out.tok: 3.976670753207984e-05
train-fr-en-LSTM-BPE.back.out.tok.nobpe: 0.00019965707385782017
train-fr-en-TRANS-BPE.back.out.tok: 5.733820752589743e-05
train-fr-en-TRANS-BPE.back.out.tok.nobpe: 0.00017703446130179156
MTLD
train-fr-en-SMT-NODUP-UNKN.back.out.tok: 96.48356277911095
train-fr-en-LSTM-BPE.back.out.tok: 90.32039384155549
train-fr-en-LSTM-BPE.back.out.tok.nobpe: 90.13417987876241
train-fr-en-TRANS-BPE.back.out.tok: 82.84757260338043
train-fr-en-TRANS-BPE.back.out.tok.nobpe: 81.92567052009056
