train-fr-en-ORGNL.tok
train-fr-en-RBMT.unk.tok
train-fr-en-RBMT.unk.tok.onl
train-fr-en-RBMT.unk.tok.noerr
train-fr-en-SMT.out.tok
train-fr-en-SMT-UNKN.out.tok
train-fr-en-LSTM-BPE.out.tok
train-fr-en-LSTM-BPE.out.tok.nobpe
train-fr-en-TRANS-BPE.out.tok
train-fr-en-TRANS-BPE.out.tok.nobpe
TTR
train-fr-en-ORGNL.tok: 0.00288931752613599
train-fr-en-RBMT.unk.tok: 0.0025559933979828284
train-fr-en-RBMT.unk.tok.onl: 0.0008129205235153887
train-fr-en-RBMT.unk.tok.noerr: 0.0024390532676410314
train-fr-en-SMT.out.tok: 0.002828630495553559
train-fr-en-SMT-UNKN.out.tok: 0.0017425733919651768
train-fr-en-LSTM-BPE.out.tok: 0.0007691045659899016
train-fr-en-LSTM-BPE.out.tok.nobpe: 0.0014964406250709157
train-fr-en-TRANS-BPE.out.tok: 0.0011541422851655276
train-fr-en-TRANS-BPE.out.tok.nobpe: 0.002037159692308059
Yules
train-fr-en-ORGNL.tok: 0.0006639756166980416
train-fr-en-RBMT.unk.tok: 0.0002895071624974448
train-fr-en-RBMT.unk.tok.onl: 2.0573272310521474e-05
train-fr-en-RBMT.unk.tok.noerr: 0.0002563423930946542
train-fr-en-SMT.out.tok: 0.0005468039060131662
train-fr-en-SMT-UNKN.out.tok: 0.00020749202279395556
train-fr-en-LSTM-BPE.out.tok: 4.054432748748098e-05
train-fr-en-LSTM-BPE.out.tok.nobpe: 0.00015289713989369823
train-fr-en-TRANS-BPE.out.tok: 0.00010007910355328006
train-fr-en-TRANS-BPE.out.tok.nobpe: 0.00030973932903242187
MTLD
train-fr-en-ORGNL.tok: 13.468512333704403
train-fr-en-RBMT.unk.tok: 14.021854765333083
train-fr-en-RBMT.unk.tok.onl: 12.862292661394264
train-fr-en-RBMT.unk.tok.noerr: 13.63097743765756
train-fr-en-SMT.out.tok: 13.460448772332114
train-fr-en-SMT-UNKN.out.tok: 13.44724584963204
train-fr-en-LSTM-BPE.out.tok: 13.378850836382185
train-fr-en-LSTM-BPE.out.tok.nobpe: 13.387724258157665
train-fr-en-TRANS-BPE.out.tok: 13.424720563091402
train-fr-en-TRANS-BPE.out.tok.nobpe: 13.440211792210587
-------------------------------------------------
TTR
train-fr-en-ORGNL.tok train-fr-en-RBMT.unk.tok train-fr-en-RBMT.unk.tok.onl train-fr-en-RBMT.unk.tok.noerr train-fr-en-SMT.out.tok train-fr-en-SMT-UNKN.out.tok train-fr-en-LSTM-BPE.out.tok train-fr-en-LSTM-BPE.out.tok.nobpe train-fr-en-TRANS-BPE.out.tok train-fr-en-TRANS-BPE.out.tok.nobpe
train-fr-en-ORGNL.tok -1.0 1.0 1.0 1.0 0.935 0.956 1.0 1.0 0.73 0.829
train-fr-en-RBMT.unk.tok 0.0 -1.0 1.0 1.0 0.01 0.015 0.29 0.333 0.003 0.007
train-fr-en-RBMT.unk.tok.onl 0.0 0.0 -1.0 0.0 0.0 0.0 0.0 0.0 0.0 0.0
train-fr-en-RBMT.unk.tok.noerr 0.0 0.0 1.0 -1.0 0.0 0.0 0.014 0.022 0.0 0.0
train-fr-en-SMT.out.tok 0.065 0.99 1.0 1.0 -1.0 0.866 0.992 0.993 0.175 0.267
train-fr-en-SMT-UNKN.out.tok 0.044 0.985 1.0 1.0 0.0 -1.0 0.981 0.993 0.129 0.205
train-fr-en-LSTM-BPE.out.tok 0.0 0.71 1.0 0.986 0.008 0.019 -1.0 0.927 0.0 0.001
train-fr-en-LSTM-BPE.out.tok.nobpe 0.0 0.667 1.0 0.978 0.007 0.007 0.03 -1.0 0.0 0.001
train-fr-en-TRANS-BPE.out.tok 0.27 0.997 1.0 1.0 0.825 0.871 1.0 1.0 -1.0 0.992
train-fr-en-TRANS-BPE.out.tok.nobpe 0.171 0.993 1.0 1.0 0.733 0.795 0.999 0.999 0.005 -1.0


  & train-fr-en-ORGNL.tok & train-fr-en-RBMT.unk.tok & train-fr-en-RBMT.unk.tok.onl & train-fr-en-RBMT.unk.tok.noerr & train-fr-en-SMT.out.tok & train-fr-en-SMT-UNKN.out.tok & train-fr-en-LSTM-BPE.out.tok & train-fr-en-LSTM-BPE.out.tok.nobpe & train-fr-en-TRANS-BPE.out.tok & train-fr-en-TRANS-BPE.out.tok.nobpe\\\hline
train-fr-en-ORGNL.tok &  & Y & Y & Y & N & Y & Y & Y & N & N\\\hline
train-fr-en-RBMT.unk.tok &  &  & Y & Y & Y & Y & N & N & Y & Y\\\hline
train-fr-en-RBMT.unk.tok.onl &  &  &  & Y & Y & Y & Y & Y & Y & Y\\\hline
train-fr-en-RBMT.unk.tok.noerr &  &  &  &  & Y & Y & Y & Y & Y & Y\\\hline
train-fr-en-SMT.out.tok &  &  &  &  &  & N & Y & Y & N & N\\\hline
train-fr-en-SMT-UNKN.out.tok &  &  &  &  &  &  & Y & Y & N & N\\\hline
train-fr-en-LSTM-BPE.out.tok &  &  &  &  &  &  &  & N & Y & Y\\\hline
train-fr-en-LSTM-BPE.out.tok.nobpe &  &  &  &  &  &  &  &  & Y & Y\\\hline
train-fr-en-TRANS-BPE.out.tok &  &  &  &  &  &  &  &  &  & Y\\\hline
train-fr-en-TRANS-BPE.out.tok.nobpe &  &  &  &  &  &  &  &  &  & \\\hline

Scikit ttest:
train-fr-en-ORGNL.tok train-fr-en-RBMT.unk.tok train-fr-en-RBMT.unk.tok.onl train-fr-en-RBMT.unk.tok.noerr train-fr-en-SMT.out.tok train-fr-en-SMT-UNKN.out.tok train-fr-en-LSTM-BPE.out.tok train-fr-en-LSTM-BPE.out.tok.nobpe train-fr-en-TRANS-BPE.out.tok train-fr-en-TRANS-BPE.out.tok.nobpe
train-fr-en-ORGNL.tok 1.0 0.0 0.0 0.0 1.6214927870398828e-87 3.725466242379365e-107 0.0 0.0 7.190891072822826e-21 9.417872378226487e-41
train-fr-en-RBMT.unk.tok 0.0 1.0 0.0 1.492474506849995e-154 7.0241133056232155e-233 2.836999221328134e-207 2.7263701493143517e-21 1.3366169911321644e-13 0.0 5.566459619149087e-302
train-fr-en-RBMT.unk.tok.onl 0.0 0.0 1.0 0.0 0.0 0.0 0.0 0.0 0.0 0.0
train-fr-en-RBMT.unk.tok.noerr 0.0 1.492474506849995e-154 0.0 1.0 0.0 0.0 1.2130633751161521e-225 6.581951668334952e-206 0.0 0.0
train-fr-en-SMT.out.tok 1.6214927870398828e-87 7.0241133056232155e-233 0.0 0.0 1.0 0.011226884246302611 9.82987232201983e-131 1.7788235850916893e-148 1.4837502855148747e-27 3.055410904733461e-12
train-fr-en-SMT-UNKN.out.tok 3.725466242379365e-107 2.836999221328134e-207 0.0 0.0 0.011226884246302611 1.0 1.0457954926463479e-109 1.384545069782743e-126 4.967196249618741e-40 4.051741094996603e-21
train-fr-en-LSTM-BPE.out.tok 0.0 2.7263701493143517e-21 0.0 1.2130633751161521e-225 9.82987232201983e-131 1.0457954926463479e-109 1.0 0.04376253128644313 9.367624046512882e-228 8.162939711448432e-192
train-fr-en-LSTM-BPE.out.tok.nobpe 0.0 1.3366169911321644e-13 0.0 6.581951668334952e-206 1.7788235850916893e-148 1.384545069782743e-126 0.04376253128644313 1.0 2.9001347778150096e-247 5.319067790418775e-211
train-fr-en-TRANS-BPE.out.tok 7.190891072822826e-21 0.0 0.0 0.0 1.4837502855148747e-27 4.967196249618741e-40 9.367624046512882e-228 2.9001347778150096e-247 1.0 5.2776491170090796e-05
train-fr-en-TRANS-BPE.out.tok.nobpe 9.417872378226487e-41 5.566459619149087e-302 0.0 0.0 3.055410904733461e-12 4.051741094996603e-21 8.162939711448432e-192 5.319067790418775e-211 5.2776491170090796e-05 1.0


  & train-fr-en-ORGNL.tok & train-fr-en-RBMT.unk.tok & train-fr-en-RBMT.unk.tok.onl & train-fr-en-RBMT.unk.tok.noerr & train-fr-en-SMT.out.tok & train-fr-en-SMT-UNKN.out.tok & train-fr-en-LSTM-BPE.out.tok & train-fr-en-LSTM-BPE.out.tok.nobpe & train-fr-en-TRANS-BPE.out.tok & train-fr-en-TRANS-BPE.out.tok.nobpe\\\hline
train-fr-en-ORGNL.tok &  & Y & Y & Y & Y & Y & Y & Y & Y & Y\\\hline
train-fr-en-RBMT.unk.tok &  &  & Y & Y & Y & Y & Y & Y & Y & Y\\\hline
train-fr-en-RBMT.unk.tok.onl &  &  &  & Y & Y & Y & Y & Y & Y & Y\\\hline
train-fr-en-RBMT.unk.tok.noerr &  &  &  &  & Y & Y & Y & Y & Y & Y\\\hline
train-fr-en-SMT.out.tok &  &  &  &  &  & Y & Y & Y & Y & Y\\\hline
train-fr-en-SMT-UNKN.out.tok &  &  &  &  &  &  & Y & Y & Y & Y\\\hline
train-fr-en-LSTM-BPE.out.tok &  &  &  &  &  &  &  & Y & Y & Y\\\hline
train-fr-en-LSTM-BPE.out.tok.nobpe &  &  &  &  &  &  &  &  & Y & Y\\\hline
train-fr-en-TRANS-BPE.out.tok &  &  &  &  &  &  &  &  &  & Y\\\hline
train-fr-en-TRANS-BPE.out.tok.nobpe &  &  &  &  &  &  &  &  &  & \\\hline
-------------------------------------------------
Yules
train-fr-en-ORGNL.tok train-fr-en-RBMT.unk.tok train-fr-en-RBMT.unk.tok.onl train-fr-en-RBMT.unk.tok.noerr train-fr-en-SMT.out.tok train-fr-en-SMT-UNKN.out.tok train-fr-en-LSTM-BPE.out.tok train-fr-en-LSTM-BPE.out.tok.nobpe train-fr-en-TRANS-BPE.out.tok train-fr-en-TRANS-BPE.out.tok.nobpe
train-fr-en-ORGNL.tok -1.0 1.0 1.0 1.0 0.999 0.999 1.0 1.0 0.909 0.952
train-fr-en-RBMT.unk.tok 0.0 -1.0 1.0 1.0 0.0 0.0 0.0 0.0 0.0 0.0
train-fr-en-RBMT.unk.tok.onl 0.0 0.0 -1.0 0.0 0.0 0.0 0.0 0.0 0.0 0.0
train-fr-en-RBMT.unk.tok.noerr 0.0 0.0 1.0 -1.0 0.0 0.0 0.0 0.0 0.0 0.0
train-fr-en-SMT.out.tok 0.001 1.0 1.0 1.0 -1.0 0.866 0.882 0.916 0.013 0.022
train-fr-en-SMT-UNKN.out.tok 0.001 1.0 1.0 1.0 0.0 -1.0 0.862 0.893 0.011 0.018
train-fr-en-LSTM-BPE.out.tok 0.0 1.0 1.0 1.0 0.118 0.138 -1.0 0.943 0.0 0.001
train-fr-en-LSTM-BPE.out.tok.nobpe 0.0 1.0 1.0 1.0 0.084 0.107 0.014 -1.0 0.0 0.0
train-fr-en-TRANS-BPE.out.tok 0.091 1.0 1.0 1.0 0.987 0.989 1.0 1.0 -1.0 0.995
train-fr-en-TRANS-BPE.out.tok.nobpe 0.048 1.0 1.0 1.0 0.978 0.982 0.999 1.0 0.002 -1.0


  & train-fr-en-ORGNL.tok & train-fr-en-RBMT.unk.tok & train-fr-en-RBMT.unk.tok.onl & train-fr-en-RBMT.unk.tok.noerr & train-fr-en-SMT.out.tok & train-fr-en-SMT-UNKN.out.tok & train-fr-en-LSTM-BPE.out.tok & train-fr-en-LSTM-BPE.out.tok.nobpe & train-fr-en-TRANS-BPE.out.tok & train-fr-en-TRANS-BPE.out.tok.nobpe\\\hline
train-fr-en-ORGNL.tok &  & Y & Y & Y & Y & Y & Y & Y & N & Y\\\hline
train-fr-en-RBMT.unk.tok &  &  & Y & Y & Y & Y & Y & Y & Y & Y\\\hline
train-fr-en-RBMT.unk.tok.onl &  &  &  & Y & Y & Y & Y & Y & Y & Y\\\hline
train-fr-en-RBMT.unk.tok.noerr &  &  &  &  & Y & Y & Y & Y & Y & Y\\\hline
train-fr-en-SMT.out.tok &  &  &  &  &  & N & N & N & Y & Y\\\hline
train-fr-en-SMT-UNKN.out.tok &  &  &  &  &  &  & N & N & Y & Y\\\hline
train-fr-en-LSTM-BPE.out.tok &  &  &  &  &  &  &  & N & Y & Y\\\hline
train-fr-en-LSTM-BPE.out.tok.nobpe &  &  &  &  &  &  &  &  & Y & Y\\\hline
train-fr-en-TRANS-BPE.out.tok &  &  &  &  &  &  &  &  &  & Y\\\hline
train-fr-en-TRANS-BPE.out.tok.nobpe &  &  &  &  &  &  &  &  &  & \\\hline

Scikit ttest:
train-fr-en-ORGNL.tok train-fr-en-RBMT.unk.tok train-fr-en-RBMT.unk.tok.onl train-fr-en-RBMT.unk.tok.noerr train-fr-en-SMT.out.tok train-fr-en-SMT-UNKN.out.tok train-fr-en-LSTM-BPE.out.tok train-fr-en-LSTM-BPE.out.tok.nobpe train-fr-en-TRANS-BPE.out.tok train-fr-en-TRANS-BPE.out.tok.nobpe
train-fr-en-ORGNL.tok 1.0 0.0 0.0 0.0 0.0 0.0 0.0 0.0 8.951417918349027e-105 6.455287264822564e-146
train-fr-en-RBMT.unk.tok 0.0 1.0 0.0 4.931852138946004e-115 0.0 0.0 0.0 0.0 0.0 0.0
train-fr-en-RBMT.unk.tok.onl 0.0 0.0 1.0 0.0 0.0 0.0 0.0 0.0 0.0 0.0
train-fr-en-RBMT.unk.tok.noerr 0.0 4.931852138946004e-115 0.0 1.0 0.0 0.0 0.0 0.0 0.0 0.0
train-fr-en-SMT.out.tok 0.0 0.0 0.0 0.0 1.0 0.07636941245957814 1.7263265818317684e-60 9.432269553700137e-78 1.2096738282883566e-199 9.943877851078284e-159
train-fr-en-SMT-UNKN.out.tok 0.0 0.0 0.0 0.0 0.07636941245957814 1.0 1.9888052637507706e-49 2.1137270658648085e-65 8.635148219717814e-216 2.1259887516433826e-174
train-fr-en-LSTM-BPE.out.tok 0.0 0.0 0.0 0.0 1.7263265818317684e-60 1.9888052637507706e-49 1.0 0.012714417215837074 0.0 1.18588e-317
train-fr-en-LSTM-BPE.out.tok.nobpe 0.0 0.0 0.0 0.0 9.432269553700137e-78 2.1137270658648085e-65 0.012714417215837074 1.0 0.0 0.0
train-fr-en-TRANS-BPE.out.tok 8.951417918349027e-105 0.0 0.0 0.0 1.2096738282883566e-199 8.635148219717814e-216 0.0 0.0 1.0 2.5464287078165037e-06
train-fr-en-TRANS-BPE.out.tok.nobpe 6.455287264822564e-146 0.0 0.0 0.0 9.943877851078284e-159 2.1259887516433826e-174 1.18588e-317 0.0 2.5464287078165037e-06 1.0


  & train-fr-en-ORGNL.tok & train-fr-en-RBMT.unk.tok & train-fr-en-RBMT.unk.tok.onl & train-fr-en-RBMT.unk.tok.noerr & train-fr-en-SMT.out.tok & train-fr-en-SMT-UNKN.out.tok & train-fr-en-LSTM-BPE.out.tok & train-fr-en-LSTM-BPE.out.tok.nobpe & train-fr-en-TRANS-BPE.out.tok & train-fr-en-TRANS-BPE.out.tok.nobpe\\\hline
train-fr-en-ORGNL.tok &  & Y & Y & Y & Y & Y & Y & Y & Y & Y\\\hline
train-fr-en-RBMT.unk.tok &  &  & Y & Y & Y & Y & Y & Y & Y & Y\\\hline
train-fr-en-RBMT.unk.tok.onl &  &  &  & Y & Y & Y & Y & Y & Y & Y\\\hline
train-fr-en-RBMT.unk.tok.noerr &  &  &  &  & Y & Y & Y & Y & Y & Y\\\hline
train-fr-en-SMT.out.tok &  &  &  &  &  & N & Y & Y & Y & Y\\\hline
train-fr-en-SMT-UNKN.out.tok &  &  &  &  &  &  & Y & Y & Y & Y\\\hline
train-fr-en-LSTM-BPE.out.tok &  &  &  &  &  &  &  & Y & Y & Y\\\hline
train-fr-en-LSTM-BPE.out.tok.nobpe &  &  &  &  &  &  &  &  & Y & Y\\\hline
train-fr-en-TRANS-BPE.out.tok &  &  &  &  &  &  &  &  &  & Y\\\hline
train-fr-en-TRANS-BPE.out.tok.nobpe &  &  &  &  &  &  &  &  &  & \\\hline
-------------------------------------------------
MTLD
train-fr-en-ORGNL.tok train-fr-en-RBMT.unk.tok train-fr-en-RBMT.unk.tok.onl train-fr-en-RBMT.unk.tok.noerr train-fr-en-SMT.out.tok train-fr-en-SMT-UNKN.out.tok train-fr-en-LSTM-BPE.out.tok train-fr-en-LSTM-BPE.out.tok.nobpe train-fr-en-TRANS-BPE.out.tok train-fr-en-TRANS-BPE.out.tok.nobpe
train-fr-en-ORGNL.tok -1.0 0.0 1.0 0.082 0.556 0.608 0.811 0.786 0.685 0.632
train-fr-en-RBMT.unk.tok 1.0 -1.0 1.0 1.0 1.0 1.0 1.0 1.0 1.0 1.0
train-fr-en-RBMT.unk.tok.onl 0.0 0.0 -1.0 0.0 0.0 0.0 0.0 0.0 0.0 0.0
train-fr-en-RBMT.unk.tok.noerr 0.918 0.0 1.0 -1.0 0.932 0.939 0.99 0.984 0.954 0.944
train-fr-en-SMT.out.tok 0.444 0.0 1.0 0.068 -1.0 0.83 0.825 0.799 0.655 0.591
train-fr-en-SMT-UNKN.out.tok 0.392 0.0 1.0 0.061 0.139 -1.0 0.779 0.744 0.589 0.524
train-fr-en-LSTM-BPE.out.tok 0.189 0.0 1.0 0.01 0.175 0.221 -1.0 0.224 0.305 0.252
train-fr-en-LSTM-BPE.out.tok.nobpe 0.214 0.0 1.0 0.016 0.201 0.256 0.733 -1.0 0.345 0.293
train-fr-en-TRANS-BPE.out.tok 0.315 0.0 1.0 0.046 0.345 0.411 0.695 0.655 -1.0 0.177
train-fr-en-TRANS-BPE.out.tok.nobpe 0.368 0.0 1.0 0.056 0.409 0.476 0.748 0.707 0.82 -1.0


  & train-fr-en-ORGNL.tok & train-fr-en-RBMT.unk.tok & train-fr-en-RBMT.unk.tok.onl & train-fr-en-RBMT.unk.tok.noerr & train-fr-en-SMT.out.tok & train-fr-en-SMT-UNKN.out.tok & train-fr-en-LSTM-BPE.out.tok & train-fr-en-LSTM-BPE.out.tok.nobpe & train-fr-en-TRANS-BPE.out.tok & train-fr-en-TRANS-BPE.out.tok.nobpe\\\hline
train-fr-en-ORGNL.tok &  & Y & Y & N & N & N & N & N & N & N\\\hline
train-fr-en-RBMT.unk.tok &  &  & Y & Y & Y & Y & Y & Y & Y & Y\\\hline
train-fr-en-RBMT.unk.tok.onl &  &  &  & Y & Y & Y & Y & Y & Y & Y\\\hline
train-fr-en-RBMT.unk.tok.noerr &  &  &  &  & N & N & Y & Y & Y & N\\\hline
train-fr-en-SMT.out.tok &  &  &  &  &  & N & N & N & N & N\\\hline
train-fr-en-SMT-UNKN.out.tok &  &  &  &  &  &  & N & N & N & N\\\hline
train-fr-en-LSTM-BPE.out.tok &  &  &  &  &  &  &  & N & N & N\\\hline
train-fr-en-LSTM-BPE.out.tok.nobpe &  &  &  &  &  &  &  &  & N & N\\\hline
train-fr-en-TRANS-BPE.out.tok &  &  &  &  &  &  &  &  &  & N\\\hline
train-fr-en-TRANS-BPE.out.tok.nobpe &  &  &  &  &  &  &  &  &  & \\\hline

Scikit ttest:
train-fr-en-ORGNL.tok train-fr-en-RBMT.unk.tok train-fr-en-RBMT.unk.tok.onl train-fr-en-RBMT.unk.tok.noerr train-fr-en-SMT.out.tok train-fr-en-SMT-UNKN.out.tok train-fr-en-LSTM-BPE.out.tok train-fr-en-LSTM-BPE.out.tok.nobpe train-fr-en-TRANS-BPE.out.tok train-fr-en-TRANS-BPE.out.tok.nobpe
train-fr-en-ORGNL.tok 1.0 0.0 0.0 8.124787168665693e-209 0.014689974152081191 2.0953051485070992e-08 2.804673438766892e-83 2.9774818833551647e-68 3.538063675708673e-24 1.2399435499932547e-11
train-fr-en-RBMT.unk.tok 0.0 1.0 0.0 0.0 0.0 0.0 0.0 0.0 0.0 0.0
train-fr-en-RBMT.unk.tok.onl 0.0 0.0 1.0 0.0 0.0 0.0 0.0 0.0 0.0 0.0
train-fr-en-RBMT.unk.tok.noerr 8.124787168665693e-209 0.0 0.0 1.0 8.263976201115513e-229 1.377768187257417e-259 0.0 0.0 1.0586944834766609e-302 2.689632105378339e-270
train-fr-en-SMT.out.tok 0.014689974152081191 0.0 0.0 8.263976201115513e-229 1.0 0.0016516782936592679 5.459995807707046e-65 1.2618180503371646e-51 1.2520970322420842e-14 1.5386774640501804e-05
train-fr-en-SMT-UNKN.out.tok 2.0953051485070992e-08 0.0 0.0 1.377768187257417e-259 0.0016516782936592679 1.0 1.3611743630267845e-45 2.839977637633127e-34 3.698497144490147e-06 0.23365107057382997
train-fr-en-LSTM-BPE.out.tok 2.804673438766892e-83 0.0 0.0 0.0 5.459995807707046e-65 1.3611743630267845e-45 1.0 0.03940549848437665 2.638427785508955e-22 8.001594433394384e-39
train-fr-en-LSTM-BPE.out.tok.nobpe 2.9774818833551647e-68 0.0 0.0 0.0 1.2618180503371646e-51 2.839977637633127e-34 0.03940549848437665 1.0 1.4039303075660967e-14 2.113211820312666e-28
train-fr-en-TRANS-BPE.out.tok 3.538063675708673e-24 0.0 0.0 1.0586944834766609e-302 1.2520970322420842e-14 3.698497144490147e-06 2.638427785508955e-22 1.4039303075660967e-14 1.0 0.0005825867154954612
train-fr-en-TRANS-BPE.out.tok.nobpe 1.2399435499932547e-11 0.0 0.0 2.689632105378339e-270 1.5386774640501804e-05 0.23365107057382997 8.001594433394384e-39 2.113211820312666e-28 0.0005825867154954612 1.0


  & train-fr-en-ORGNL.tok & train-fr-en-RBMT.unk.tok & train-fr-en-RBMT.unk.tok.onl & train-fr-en-RBMT.unk.tok.noerr & train-fr-en-SMT.out.tok & train-fr-en-SMT-UNKN.out.tok & train-fr-en-LSTM-BPE.out.tok & train-fr-en-LSTM-BPE.out.tok.nobpe & train-fr-en-TRANS-BPE.out.tok & train-fr-en-TRANS-BPE.out.tok.nobpe\\\hline
train-fr-en-ORGNL.tok &  & Y & Y & Y & Y & Y & Y & Y & Y & Y\\\hline
train-fr-en-RBMT.unk.tok &  &  & Y & Y & Y & Y & Y & Y & Y & Y\\\hline
train-fr-en-RBMT.unk.tok.onl &  &  &  & Y & Y & Y & Y & Y & Y & Y\\\hline
train-fr-en-RBMT.unk.tok.noerr &  &  &  &  & Y & Y & Y & Y & Y & Y\\\hline
train-fr-en-SMT.out.tok &  &  &  &  &  & Y & Y & Y & Y & Y\\\hline
train-fr-en-SMT-UNKN.out.tok &  &  &  &  &  &  & Y & Y & Y & N\\\hline
train-fr-en-LSTM-BPE.out.tok &  &  &  &  &  &  &  & Y & Y & Y\\\hline
train-fr-en-LSTM-BPE.out.tok.nobpe &  &  &  &  &  &  &  &  & Y & Y\\\hline
train-fr-en-TRANS-BPE.out.tok &  &  &  &  &  &  &  &  &  & Y\\\hline
train-fr-en-TRANS-BPE.out.tok.nobpe &  &  &  &  &  &  &  &  &  & \\\hline
